#subject	block	trial	condition	setsize	change	time	responses	time	Pic	prev_condition	prev_setsize	prev_change	prev_time
112	1	1	3	4	1	2000	211	999	1	0	0	0	
112	1	2	3	2	1	2000	202	1530	2	3	4	1	2000
112	1	3	2	6	0	2000	201	1377	NoChange	3	2	1	2000
112	1	4	2	2	0	2000	201	733	NoChange	2	6	0	2000
112	1	5	4	2	0	2000	201	683	NoChange	2	2	0	2000
112	1	6	4	6	0	2000	201	795	NoChange	4	2	0	2000
112	1	7	3	6	0	2000	201	1039	NoChange	4	6	0	2000
112	1	8	3	2	0	2000	201	1009	NoChange	3	6	0	2000
112	1	9	4	4	1	2000	211	1012	1	3	2	0	2000
112	1	10	3	2	1	2000	202	1303	3	4	4	1	2000
112	1	11	1	4	1	2000	202	991	37	3	2	1	2000
112	1	12	1	2	0	2000	201	739	NoChange	1	4	1	2000
112	1	13	1	2	1	2000	202	912	42	1	2	0	2000
112	1	14	2	4	0	2000	201	1080	NoChange	1	2	1	2000
112	1	15	4	2	0	2000	201	4968	NoChange	2	4	0	2000
112	1	16	3	4	1	2000	202	950	4	4	2	0	2000
112	1	17	4	2	1	2000	202	1380	2	3	4	1	2000
112	1	18	4	4	0	2000	201	1856	NoChange	4	2	1	2000
112	1	19	3	2	0	2000	201	1082	NoChange	4	4	0	2000
112	1	20	1	4	1	2000	202	2706	63	3	2	0	2000
112	1	21	4	6	1	2000	211	1018	3	1	4	1	2000
112	1	22	3	6	0	2000	201	853	NoChange	4	6	1	2000
112	1	23	1	2	1	2000	202	830	77	3	6	0	2000
112	1	24	3	6	1	2000	211	1888	5	1	2	1	2000
112	1	25	2	6	0	2000	201	1337	NoChange	3	6	1	2000
112	1	26	2	4	1	2000	202	831	1	2	6	0	2000
112	1	27	1	4	0	2000	201	1273	NoChange	2	4	1	2000
112	1	28	1	6	1	2000	202	1074	102	1	4	0	2000
112	1	29	1	2	0	2000	212	2379	NoChange	1	6	1	2000
112	1	30	4	2	1	2000	202	1232	4	1	2	0	2000
112	1	31	2	6	1	2000	202	1898	2	4	2	1	2000
112	1	32	3	4	0	2000	212	2081	NoChange	2	6	1	2000
112	1	33	4	4	0	2000	201	954	NoChange	3	4	0	2000
112	1	34	1	6	1	2000	202	871	125	4	4	0	2000
112	1	35	1	6	0	2000	212	2424	NoChange	1	6	1	2000
112	1	36	2	2	1	2000	202	1251	3	1	6	0	2000
112	1	37	4	6	0	2000	201	1124	NoChange	2	2	1	2000
112	1	38	2	4	0	2000	201	1675	NoChange	4	6	0	2000
112	1	39	2	2	1	2000	202	1004	4	2	4	0	2000
112	1	40	4	6	1	2000	202	711	5	2	2	1	2000
112	1	41	2	2	0	2000	201	774	NoChange	4	6	1	2000
112	1	42	3	6	1	2000	202	3507	6	2	2	0	2000
112	1	43	1	6	0	2000	201	1051	NoChange	3	6	1	2000
112	1	44	1	4	0	2000	201	1252	NoChange	1	6	0	2000
112	1	45	4	4	1	2000	202	877	6	1	4	0	2000
112	1	46	2	6	1	2000	202	1030	5	4	4	1	2000
112	1	47	2	4	1	2000	211	1265	6	2	6	1	2000
112	1	48	3	4	0	2000	201	826	NoChange	2	4	1	2000
112	2	1	4	6	0	2000	201	2649	NoChange	0	0	0	
112	2	2	4	6	0	2000	212	1771	NoChange	4	6	0	2000
112	2	3	3	6	0	2000	201	632	NoChange	4	6	0	2000
112	2	4	4	6	1	2000	202	834	7	3	6	0	2000
112	2	5	2	4	0	2000	201	764	NoChange	4	6	1	2000
112	2	6	2	2	1	2000	202	889	7	2	4	0	2000
112	2	7	2	4	0	2000	201	1041	NoChange	2	2	1	2000
112	2	8	1	6	1	2000	202	851	219	2	4	0	2000
112	2	9	3	6	1	2000	202	1548	7	1	6	1	2000
112	2	10	2	6	1	2000	202	745	8	3	6	1	2000
112	2	11	4	6	1	2000	202	2047	8	2	6	1	2000
112	2	12	1	2	1	2000	202	834	237	4	6	1	2000
112	2	13	1	4	0	2000	201	628	NoChange	1	2	1	2000
112	2	14	2	6	0	2000	201	990	NoChange	1	4	0	2000
112	2	15	3	4	1	2000	202	1466	8	2	6	0	2000
112	2	16	4	2	1	2000	202	1051	9	3	4	1	2000
112	2	17	3	2	1	2000	202	1220	9	4	2	1	2000
112	2	18	2	6	0	2000	201	2119	NoChange	3	2	1	2000
112	2	19	1	4	0	2000	201	974	NoChange	2	6	0	2000
112	2	20	4	2	0	2000	212	4018	NoChange	1	4	0	2000
112	2	21	2	4	1	2000	202	1318	9	4	2	0	2000
112	2	22	3	6	1	2000	202	1453	10	2	4	1	2000
112	2	23	4	4	1	2000	202	838	10	3	6	1	2000
112	2	24	2	6	1	2000	211	2344	10	4	4	1	2000
112	2	25	4	4	1	2000	202	1055	11	2	6	1	2000
112	2	26	1	6	0	2000	201	776	NoChange	4	4	1	2000
112	2	27	2	2	0	2000	201	924	NoChange	1	6	0	2000
112	2	28	3	2	1	2000	211	2251	11	2	2	0	2000
112	2	29	4	4	0	2000	201	1053	NoChange	3	2	1	2000
112	2	30	3	4	1	2000	211	798	12	4	4	0	2000
112	2	31	1	4	1	2000	202	1298	304	3	4	1	2000
112	2	32	2	2	1	2000	202	3057	11	1	4	1	2000
112	2	33	2	2	0	2000	201	635	NoChange	2	2	1	2000
112	2	34	3	4	0	2000	201	1349	NoChange	2	2	0	2000
112	2	35	1	2	0	2000	201	586	NoChange	3	4	0	2000
112	2	36	1	6	0	2000	212	1294	NoChange	1	2	0	2000
112	2	37	1	6	1	2000	202	998	326	1	6	0	2000
112	2	38	3	2	0	2000	201	538	NoChange	1	6	1	2000
112	2	39	1	4	1	2000	202	599	333	3	2	0	2000
112	2	40	3	2	0	2000	201	794	NoChange	1	4	1	2000
112	2	41	1	2	0	2000	201	542	NoChange	3	2	0	2000
112	2	42	3	4	0	2000	201	1516	NoChange	1	2	0	2000
112	2	43	1	2	1	2000	202	715	344	3	4	0	2000
112	2	44	3	6	0	2000	201	1097	NoChange	1	2	1	2000
112	2	45	2	4	1	2000	202	1353	12	3	6	0	2000
112	2	46	4	2	0	2000	201	535	NoChange	2	4	1	2000
112	2	47	4	2	1	2000	202	660	12	4	2	0	2000
112	2	48	4	4	0	2000	201	750	NoChange	4	2	1	2000
112	3	1	2	4	0	2000	212	784	NoChange	0	0	0	
112	3	2	1	6	0	2000	201	1188	NoChange	2	4	0	2000
112	3	3	3	4	1	2000	202	1408	13	1	6	0	2000
112	3	4	3	2	0	2000	201	1611	NoChange	3	4	1	2000
112	3	5	2	2	0	2000	201	1799	NoChange	3	2	0	2000
112	3	6	3	4	1	2000	202	1522	14	2	2	0	2000
112	3	7	1	4	1	2000	202	841	385	3	4	1	2000
112	3	8	4	2	0	2000	201	963	NoChange	1	4	1	2000
112	3	9	4	6	1	2000	211	1544	13	4	2	0	2000
112	3	10	1	6	1	2000	202	798	399	4	6	1	2000
112	3	11	3	4	0	2000	201	1081	NoChange	1	6	1	2000
112	3	12	1	2	0	2000	201	922	NoChange	3	4	0	2000
112	3	13	4	4	1	2000	202	960	14	1	2	0	2000
112	3	14	1	4	0	2000	201	1526	NoChange	4	4	1	2000
112	3	15	1	2	0	2000	201	789	NoChange	1	4	0	2000
112	3	16	3	6	0	2000	201	896	NoChange	1	2	0	2000
112	3	17	1	4	1	2000	202	1056	425	3	6	0	2000
112	3	18	2	2	1	2000	202	834	13	1	4	1	2000
112	3	19	1	4	0	2000	201	1003	NoChange	2	2	1	2000
112	3	20	4	4	0	2000	201	935	NoChange	1	4	0	2000
112	3	21	3	6	1	2000	202	909	15	4	4	0	2000
112	3	22	4	2	1	2000	202	1932	15	3	6	1	2000
112	3	23	4	2	0	2000	201	1018	NoChange	4	2	1	2000
112	3	24	4	4	0	2000	201	2253	NoChange	4	2	0	2000
112	3	25	2	4	1	2000	202	1383	14	4	4	0	2000
112	3	26	2	2	0	2000	201	1139	NoChange	2	4	1	2000
112	3	27	2	6	0	2000	212	1153	NoChange	2	2	0	2000
112	3	28	2	2	1	2000	202	1814	15	2	6	0	2000
112	3	29	3	2	0	2000	201	1874	NoChange	2	2	1	2000
112	3	30	3	6	1	2000	202	1002	16	3	2	0	2000
112	3	31	3	2	1	2000	202	1246	17	3	6	1	2000
112	3	32	4	6	0	2000	212	1000	NoChange	3	2	1	2000
112	3	33	4	2	1	2000	202	915	16	4	6	0	2000
112	3	34	4	6	0	2000	201	898	NoChange	4	2	1	2000
112	3	35	1	6	1	2000	202	1041	486	4	6	0	2000
112	3	36	1	6	0	2000	201	1307	NoChange	1	6	1	2000
112	3	37	2	6	1	2000	202	3235	16	1	6	0	2000
112	3	38	2	4	1	2000	211	1702	17	2	6	1	2000
112	3	39	3	2	1	2000	202	933	18	2	4	1	2000
112	3	40	2	6	0	2000	201	859	NoChange	3	2	1	2000
112	3	41	1	2	1	2000	202	716	510	2	6	0	2000
112	3	42	1	2	1	2000	202	851	513	1	2	1	2000
112	3	43	2	4	0	2000	201	1044	NoChange	1	2	1	2000
112	3	44	3	6	0	2000	212	790	NoChange	2	4	0	2000
112	3	45	3	4	0	2000	201	834	NoChange	3	6	0	2000
112	3	46	2	6	1	2000	202	1036	18	3	4	0	2000
112	3	47	4	6	1	2000	202	1126	17	2	6	1	2000
112	3	48	4	4	1	2000	202	780	18	4	6	1	2000
112	4	1	2	4	1	2000	202	724	19	0	0	0	
112	4	2	1	2	1	2000	202	731	546	2	4	1	2000
112	4	3	1	6	1	2000	202	937	553	1	2	1	2000
112	4	4	2	4	1	2000	202	911	20	1	6	1	2000
112	4	5	2	4	0	2000	201	871	NoChange	2	4	1	2000
112	4	6	1	6	0	2000	201	2143	NoChange	2	4	0	2000
112	4	7	3	2	1	2000	202	813	19	1	6	0	2000
112	4	8	2	2	1	2000	202	1321	21	3	2	1	2000
112	4	9	2	2	0	2000	201	1567	NoChange	2	2	1	2000
112	4	10	2	6	0	2000	201	1052	NoChange	2	2	0	2000
112	4	11	3	6	0	2000	212	1157	NoChange	2	6	0	2000
112	4	12	4	2	1	2000	202	907	19	3	6	0	2000
112	4	13	3	4	1	2000	202	818	20	4	2	1	2000
112	4	14	3	4	0	2000	201	1101	NoChange	3	4	1	2000
112	4	15	2	2	0	2000	201	964	NoChange	3	4	0	2000
112	4	16	3	2	1	2000	202	857	21	2	2	0	2000
112	4	17	3	2	0	2000	201	1722	NoChange	3	2	1	2000
112	4	18	2	6	1	2000	202	873	22	3	2	0	2000
112	4	19	4	4	1	2000	202	922	20	2	6	1	2000
112	4	20	3	4	0	2000	201	1080	NoChange	4	4	1	2000
112	4	21	3	4	1	2000	211	1353	22	3	4	0	2000
112	4	22	1	4	1	2000	202	710	615	3	4	1	2000
112	4	23	4	6	0	2000	201	853	NoChange	1	4	1	2000
112	4	24	2	4	0	2000	201	2583	NoChange	4	6	0	2000
112	4	25	2	6	1	2000	202	587	23	2	4	0	2000
112	4	26	4	6	1	2000	202	791	21	2	6	1	2000
112	4	27	3	6	0	2000	212	1011	NoChange	4	6	1	2000
112	4	28	2	2	1	2000	202	814	24	3	6	0	2000
112	4	29	2	6	0	2000	201	729	NoChange	2	2	1	2000
112	4	30	4	2	0	2000	201	800	NoChange	2	6	0	2000
112	4	31	1	2	0	2000	212	2219	NoChange	4	2	0	2000
112	4	32	1	2	0	2000	201	1446	NoChange	1	2	0	2000
112	4	33	4	6	1	2000	202	1168	22	1	2	0	2000
112	4	34	4	6	0	2000	201	1101	NoChange	4	6	1	2000
112	4	35	1	4	1	2000	202	724	670	4	6	0	2000
112	4	36	1	6	0	2000	212	619	NoChange	1	4	1	2000
112	4	37	1	2	1	2000	202	597	679	1	6	0	2000
112	4	38	3	2	0	2000	201	673	NoChange	1	2	1	2000
112	4	39	1	6	1	2000	202	569	688	3	2	0	2000
112	4	40	4	4	1	2000	202	894	23	1	6	1	2000
112	4	41	3	6	1	2000	202	1166	23	4	4	1	2000
112	4	42	1	4	0	2000	201	714	NoChange	3	6	1	2000
112	4	43	4	2	1	2000	202	737	24	1	4	0	2000
112	4	44	3	6	1	2000	202	895	24	4	2	1	2000
112	4	45	4	2	0	2000	201	919	NoChange	3	6	1	2000
112	4	46	4	4	0	2000	201	982	NoChange	4	2	0	2000
112	4	47	1	4	0	2000	201	1370	NoChange	4	4	0	2000
112	4	48	4	4	0	2000	201	1118	NoChange	1	4	0	2000
112	5	1	1	2	0	2000	201	1155	NoChange	0	0	0	
112	5	2	1	2	1	2000	202	1032	725	1	2	0	2000
112	5	3	1	6	0	2000	201	1954	NoChange	1	2	1	2000
112	5	4	2	4	0	2000	201	888	NoChange	1	6	0	2000
112	5	5	1	6	0	2000	201	728	NoChange	2	4	0	2000
112	5	6	1	4	0	2000	201	798	NoChange	1	6	0	2000
112	5	7	2	6	0	2000	212	1058	NoChange	1	4	0	2000
112	5	8	4	6	0	2000	212	1187	NoChange	2	6	0	2000
112	5	9	3	4	0	2000	201	863	NoChange	4	6	0	2000
112	5	10	3	2	0	2000	201	600	NoChange	3	4	0	2000
112	5	11	3	6	1	2000	202	1076	25	3	2	0	2000
112	5	12	4	2	0	2000	201	1300	NoChange	3	6	1	2000
112	5	13	2	6	1	2000	202	900	25	4	2	0	2000
112	5	14	3	6	1	2000	202	787	26	2	6	1	2000
112	5	15	4	4	1	2000	202	1271	25	3	6	1	2000
112	5	16	4	4	0	2000	212	1223	NoChange	4	4	1	2000
112	5	17	3	6	0	2000	201	714	NoChange	4	4	0	2000
112	5	18	3	2	1	2000	202	801	27	3	6	0	2000
112	5	19	1	4	1	2000	202	724	799	3	2	1	2000
112	5	20	3	2	0	2000	201	707	NoChange	1	4	1	2000
112	5	21	4	6	0	2000	201	1218	NoChange	3	2	0	2000
112	5	22	4	2	1	2000	202	845	26	4	6	0	2000
112	5	23	4	2	0	2000	201	583	NoChange	4	2	1	2000
112	5	24	2	2	1	2000	202	754	26	4	2	0	2000
112	5	25	1	6	1	2000	202	936	818	2	2	1	2000
112	5	26	1	2	1	2000	202	1101	821	1	6	1	2000
112	5	27	2	2	0	2000	201	1613	NoChange	1	2	1	2000
112	5	28	4	4	0	2000	201	720	NoChange	2	2	0	2000
112	5	29	2	6	1	2000	202	703	27	4	4	0	2000
112	5	30	4	4	1	2000	202	918	27	2	6	1	2000
112	5	31	2	2	1	2000	202	1060	28	4	4	1	2000
112	5	32	2	4	0	2000	201	806	NoChange	2	2	1	2000
112	5	33	1	6	1	2000	202	777	847	2	4	0	2000
112	5	34	2	2	0	2000	201	1005	NoChange	1	6	1	2000
112	5	35	1	4	1	2000	202	785	854	2	2	0	2000
112	5	36	4	2	1	2000	202	629	28	1	4	1	2000
112	5	37	4	6	1	2000	211	3943	29	4	2	1	2000
112	5	38	3	6	0	2000	201	942	NoChange	4	6	1	2000
112	5	39	2	4	1	2000	211	2452	29	3	6	0	2000
112	5	40	1	2	0	2000	201	726	NoChange	2	4	1	2000
112	5	41	3	2	1	2000	202	1564	28	1	2	0	2000
112	5	42	2	4	1	2000	202	1466	30	3	2	1	2000
112	5	43	2	6	0	2000	201	1827	NoChange	2	4	1	2000
112	5	44	4	6	1	2000	202	830	30	2	6	0	2000
112	5	45	1	4	0	2000	201	600	NoChange	4	6	1	2000
112	5	46	3	4	1	2000	202	923	29	1	4	0	2000
112	5	47	3	4	0	2000	201	986	NoChange	3	4	1	2000
112	5	48	3	4	1	2000	202	1070	30	3	4	0	2000
112	6	1	3	4	1	2000	211	1436	31	0	0	0	
112	6	2	4	6	1	2000	202	718	31	3	4	1	2000
112	6	3	1	2	1	2000	202	845	911	4	6	1	2000
112	6	4	3	4	0	2000	201	663	NoChange	1	2	1	2000
112	6	5	2	6	0	2000	201	664	NoChange	3	4	0	2000
112	6	6	2	6	1	2000	211	1529	31	2	6	0	2000
112	6	7	4	6	0	2000	201	1464	NoChange	2	6	1	2000
112	6	8	4	2	1	2000	202	1185	32	4	6	0	2000
112	6	9	4	6	1	2000	202	925	33	4	2	1	2000
112	6	10	3	2	0	2000	201	1036	NoChange	4	6	1	2000
112	6	11	4	4	1	2000	202	806	34	3	2	0	2000
112	6	12	2	4	0	2000	201	681	NoChange	4	4	1	2000
112	6	13	4	2	1	2000	202	617	35	2	4	0	2000
112	6	14	2	2	0	2000	201	964	NoChange	4	2	1	2000
112	6	15	1	6	0	2000	201	641	NoChange	2	2	0	2000
112	6	16	1	2	1	2000	202	611	959	1	6	0	2000
112	6	17	2	2	1	2000	202	4318	32	1	2	1	2000
112	6	18	4	4	1	2000	202	1062	36	2	2	1	2000
112	6	19	1	6	1	2000	202	839	970	4	4	1	2000
112	6	20	2	6	0	2000	201	1025	NoChange	1	6	1	2000
112	6	21	1	4	1	2000	202	836	981	2	6	0	2000
112	6	22	3	6	1	2000	202	1053	32	1	4	1	2000
112	6	23	3	2	0	2000	201	567	NoChange	3	6	1	2000
112	6	24	3	4	0	2000	201	1067	NoChange	3	2	0	2000
112	6	25	2	2	1	2000	202	764	33	3	4	0	2000
112	6	26	1	6	0	2000	201	1561	NoChange	2	2	1	2000
112	6	27	1	4	0	2000	201	1639	NoChange	1	6	0	2000
112	6	28	3	6	0	2000	201	1049	NoChange	1	4	0	2000
112	6	29	3	6	0	2000	201	690	NoChange	3	6	0	2000
112	6	30	2	4	1	2000	202	578	34	3	6	0	2000
112	6	31	3	6	1	2000	211	782	33	2	4	1	2000
112	6	32	2	4	0	2000	201	706	NoChange	3	6	1	2000
112	6	33	2	4	1	2000	202	721	35	2	4	0	2000
112	6	34	4	4	0	2000	201	600	NoChange	2	4	1	2000
112	6	35	4	6	0	2000	201	747	NoChange	4	4	0	2000
112	6	36	2	2	0	2000	201	713	NoChange	4	6	0	2000
112	6	37	1	2	0	2000	201	776	NoChange	2	2	0	2000
112	6	38	3	4	1	2000	202	1388	34	1	2	0	2000
112	6	39	3	2	1	2000	202	1248	35	3	4	1	2000
112	6	40	2	6	1	2000	211	1538	36	3	2	1	2000
112	6	41	4	4	0	2000	201	1264	NoChange	2	6	1	2000
112	6	42	4	2	0	2000	201	697	NoChange	4	4	0	2000
112	6	43	1	6	1	2000	202	729	1066	4	2	0	2000
112	6	44	4	2	0	2000	201	1016	NoChange	1	6	1	2000
112	6	45	1	4	1	2000	202	4362	1073	4	2	0	2000
112	6	46	1	4	0	2000	201	1297	NoChange	1	4	1	2000
112	6	47	1	2	0	2000	201	785	NoChange	1	4	0	2000
112	6	48	3	2	1	2000	202	989	36	1	2	0	2000
112	7	1	4	2	0	2000	201	723	NoChange	0	0	0	
112	7	2	2	4	1	2000	202	737	37	4	2	0	2000
112	7	3	4	6	1	2000	211	991	37	2	4	1	2000
112	7	4	4	6	0	2000	201	683	NoChange	4	6	1	2000
112	7	5	3	6	1	2000	202	1291	37	4	6	0	2000
112	7	6	4	2	1	2000	202	995	38	3	6	1	2000
112	7	7	1	2	0	2000	201	599	NoChange	4	2	1	2000
112	7	8	2	4	0	2000	201	1210	NoChange	1	2	0	2000
112	7	9	3	2	1	2000	202	797	38	2	4	0	2000
112	7	10	3	2	1	2000	202	1105	39	3	2	1	2000
112	7	11	2	2	0	2000	201	1064	NoChange	3	2	1	2000
112	7	12	3	6	1	2000	202	1506	40	2	2	0	2000
112	7	13	1	4	0	2000	201	721	NoChange	3	6	1	2000
112	7	14	1	6	0	2000	212	864	NoChange	1	4	0	2000
112	7	15	4	6	1	2000	202	1129	39	1	6	0	2000
112	7	16	1	2	1	2000	202	695	1135	4	6	1	2000
112	7	17	2	4	0	2000	201	1055	NoChange	1	2	1	2000
112	7	18	3	4	0	2000	201	1720	NoChange	2	4	0	2000
112	7	19	2	2	0	2000	201	727	NoChange	3	4	0	2000
112	7	20	1	4	1	2000	202	1382	1150	2	2	0	2000
112	7	21	4	4	1	2000	202	898	40	1	4	1	2000
112	7	22	2	4	1	2000	202	834	38	4	4	1	2000
112	7	23	4	4	0	2000	201	748	NoChange	2	4	1	2000
112	7	24	2	6	0	2000	212	689	NoChange	4	4	0	2000
112	7	25	4	4	1	2000	202	857	41	2	6	0	2000
112	7	26	2	6	1	2000	202	2051	39	4	4	1	2000
112	7	27	4	2	0	2000	201	828	NoChange	2	6	1	2000
112	7	28	3	4	0	2000	201	1439	NoChange	4	2	0	2000
112	7	29	1	2	1	2000	202	697	1183	3	4	0	2000
112	7	30	1	4	1	2000	202	969	1188	1	2	1	2000
112	7	31	1	6	0	2000	212	1021	NoChange	1	4	1	2000
112	7	32	1	6	1	2000	202	848	1201	1	6	0	2000
112	7	33	4	6	0	2000	212	1130	NoChange	1	6	1	2000
112	7	34	2	6	0	2000	201	1472	NoChange	4	6	0	2000
112	7	35	1	6	1	2000	202	1177	1220	2	6	0	2000
112	7	36	4	2	1	2000	202	798	42	1	6	1	2000
112	7	37	1	2	0	2000	201	906	NoChange	4	2	1	2000
112	7	38	3	2	0	2000	201	1801	NoChange	1	2	0	2000
112	7	39	2	2	1	2000	202	772	40	3	2	0	2000
112	7	40	3	6	0	2000	201	1065	NoChange	2	2	1	2000
112	7	41	3	4	1	2000	211	2274	41	3	6	0	2000
112	7	42	3	6	0	2000	212	811	NoChange	3	4	1	2000
112	7	43	2	2	1	2000	202	1142	41	3	6	0	2000
112	7	44	1	4	0	2000	201	1084	NoChange	2	2	1	2000
112	7	45	3	4	1	2000	202	916	42	1	4	0	2000
112	7	46	4	4	0	2000	201	642	NoChange	3	4	1	2000
112	7	47	2	6	1	2000	202	716	42	4	4	0	2000
112	7	48	3	2	0	2000	201	635	NoChange	2	6	1	2000
112	8	1	4	2	0	2000	212	1912	NoChange	0	0	0	
112	8	2	2	6	0	2000	201	872	NoChange	4	2	0	2000
112	8	3	2	2	0	2000	201	752	NoChange	2	6	0	2000
112	8	4	3	6	1	2000	202	1150	43	2	2	0	2000
112	8	5	1	6	0	2000	201	699	NoChange	3	6	1	2000
112	8	6	3	2	1	2000	211	1194	44	1	6	0	2000
112	8	7	2	6	1	2000	202	782	43	3	2	1	2000
112	8	8	4	2	0	2000	201	770	NoChange	2	6	1	2000
112	8	9	4	4	0	2000	201	1326	NoChange	4	2	0	2000
112	8	10	3	6	0	2000	201	821	NoChange	4	4	0	2000
112	8	11	2	2	0	2000	201	728	NoChange	3	6	0	2000
112	8	12	3	6	1	2000	202	774	45	2	2	0	2000
112	8	13	1	6	0	2000	201	723	NoChange	3	6	1	2000
112	8	14	4	6	0	2000	201	793	NoChange	1	6	0	2000
112	8	15	3	4	1	2000	211	765	46	4	6	0	2000
112	8	16	3	4	0	2000	201	674	NoChange	3	4	1	2000
112	8	17	1	4	0	2000	201	514	NoChange	3	4	0	2000
112	8	18	2	2	1	2000	211	841	44	1	4	0	2000
112	8	19	1	2	0	2000	201	531	NoChange	2	2	1	2000
112	8	20	4	2	1	2000	202	1337	43	1	2	0	2000
112	8	21	4	4	1	2000	202	1047	44	4	2	1	2000
112	8	22	2	4	0	2000	201	769	NoChange	4	4	1	2000
112	8	23	4	6	1	2000	211	2206	45	2	4	0	2000
112	8	24	4	6	0	2000	212	3074	NoChange	4	6	1	2000
112	8	25	1	4	1	2000	202	827	1356	4	6	0	2000
112	8	26	2	6	1	2000	202	982	45	1	4	1	2000
112	8	27	2	2	1	2000	202	1834	46	2	6	1	2000
112	8	28	4	4	0	2000	201	1564	NoChange	2	2	1	2000
112	8	29	1	2	1	2000	202	929	1369	4	4	0	2000
112	8	30	4	6	1	2000	202	1048	46	1	2	1	2000
112	8	31	3	4	1	2000	202	1370	47	4	6	1	2000
112	8	32	4	4	1	2000	202	1143	47	3	4	1	2000
112	8	33	3	4	0	2000	201	3669	NoChange	4	4	1	2000
112	8	34	2	4	1	2000	202	1214	47	3	4	0	2000
112	8	35	3	2	0	2000	212	1241	NoChange	2	4	1	2000
112	8	36	1	6	1	2000	202	819	1396	3	2	0	2000
112	8	37	1	2	1	2000	202	774	1399	1	6	1	2000
112	8	38	1	4	0	2000	212	1067	NoChange	1	2	1	2000
112	8	39	4	2	1	2000	202	1619	48	1	4	0	2000
112	8	40	1	2	0	2000	201	934	NoChange	4	2	1	2000
112	8	41	1	6	1	2000	202	644	1413	1	2	0	2000
112	8	42	1	4	1	2000	202	646	1418	1	6	1	2000
112	8	43	3	6	0	2000	201	1024	NoChange	1	4	1	2000
112	8	44	2	4	1	2000	202	778	48	3	6	0	2000
112	8	45	3	2	0	2000	212	1471	NoChange	2	4	1	2000
112	8	46	3	2	1	2000	211	1079	48	3	2	0	2000
112	8	47	2	6	0	2000	201	2616	NoChange	3	2	1	2000
112	8	48	2	4	0	2000	201	643	NoChange	2	6	0	2000
112	9	1	2	4	0	2000	201	899	NoChange	0	0	0	
112	9	2	1	2	1	2000	202	523	1447	2	4	0	2000
112	9	3	3	4	0	2000	201	1241	NoChange	1	2	1	2000
112	9	4	2	2	0	2000	201	731	NoChange	3	4	0	2000
112	9	5	2	2	1	2000	202	650	49	2	2	0	2000
112	9	6	1	2	1	2000	202	803	1457	2	2	1	2000
112	9	7	2	2	1	2000	202	1470	50	1	2	1	2000
112	9	8	4	6	0	2000	212	639	NoChange	2	2	1	2000
112	9	9	4	4	0	2000	201	1041	NoChange	4	6	0	2000
112	9	10	1	4	0	2000	201	610	NoChange	4	4	0	2000
112	9	11	1	2	0	2000	201	662	NoChange	1	4	0	2000
112	9	12	3	6	1	2000	202	655	49	1	2	0	2000
112	9	13	1	6	1	2000	202	1024	1486	3	6	1	2000
112	9	14	1	6	0	2000	212	994	NoChange	1	6	1	2000
112	9	15	1	2	0	2000	201	734	NoChange	1	6	0	2000
112	9	16	4	4	1	2000	202	2276	49	1	2	0	2000
112	9	17	1	6	0	2000	201	2629	NoChange	4	4	1	2000
112	9	18	2	6	1	2000	211	3009	51	1	6	0	2000
112	9	19	1	4	1	2000	202	901	1513	2	6	1	2000
112	9	20	1	4	0	2000	201	1140	NoChange	1	4	1	2000
112	9	21	3	6	1	2000	211	2290	50	1	4	0	2000
112	9	22	4	4	1	2000	211	3538	50	3	6	1	2000
112	9	23	4	2	1	2000	202	633	51	4	4	1	2000
112	9	24	4	2	0	2000	201	779	NoChange	4	2	1	2000
112	9	25	2	6	0	2000	201	1111	NoChange	4	2	0	2000
112	9	26	4	6	1	2000	202	727	52	2	6	0	2000
112	9	27	2	2	0	2000	201	765	NoChange	4	6	1	2000
112	9	28	4	2	1	2000	202	602	53	2	2	0	2000
112	9	29	3	6	0	2000	201	813	NoChange	4	2	1	2000
112	9	30	1	4	1	2000	202	664	1553	3	6	0	2000
112	9	31	4	4	0	2000	201	945	NoChange	1	4	1	2000
112	9	32	2	6	1	2000	211	1559	52	4	4	0	2000
112	9	33	3	4	1	2000	202	1413	51	2	6	1	2000
112	9	34	3	2	1	2000	202	1400	52	3	4	1	2000
112	9	35	2	4	0	2000	201	779	NoChange	3	2	1	2000
112	9	36	4	6	1	2000	202	872	54	2	4	0	2000
112	9	37	4	2	0	2000	201	504	NoChange	4	6	1	2000
112	9	38	3	4	0	2000	201	2344	NoChange	4	2	0	2000
112	9	39	2	4	1	2000	202	686	53	3	4	0	2000
112	9	40	3	2	0	2000	201	702	NoChange	2	4	1	2000
112	9	41	3	2	1	2000	202	885	53	3	2	0	2000
112	9	42	4	6	0	2000	201	1477	NoChange	3	2	1	2000
112	9	43	3	4	1	2000	202	510	54	4	6	0	2000
112	9	44	1	6	1	2000	211	2501	1603	3	4	1	2000
112	9	45	2	4	1	2000	202	1085	54	1	6	1	2000
112	9	46	3	2	0	2000	201	821	NoChange	2	4	1	2000
112	9	47	3	6	0	2000	212	1287	NoChange	3	2	0	2000
112	9	48	2	6	0	2000	201	807	NoChange	3	6	0	2000
112	10	1	1	4	0	2000	201	655	NoChange	0	0	0	
112	10	2	4	4	1	2000	211	1288	55	1	4	0	2000
112	10	3	3	6	1	2000	202	712	55	4	4	1	2000
112	10	4	2	4	0	2000	201	648	NoChange	3	6	1	2000
112	10	5	1	4	1	2000	202	1033	1641	2	4	0	2000
112	10	6	4	2	1	2000	202	963	56	1	4	1	2000
112	10	7	1	2	0	2000	201	609	NoChange	4	2	1	2000
112	10	8	4	2	0	2000	201	700	NoChange	1	2	0	2000
112	10	9	1	6	1	2000	202	603	1653	4	2	0	2000
112	10	10	3	4	0	2000	201	822	NoChange	1	6	1	2000
112	10	11	2	6	0	2000	201	968	NoChange	3	4	0	2000
112	10	12	1	4	0	2000	212	3821	NoChange	2	6	0	2000
112	10	13	4	4	0	2000	212	1033	NoChange	1	4	0	2000
112	10	14	2	2	1	2000	202	971	55	4	4	0	2000
112	10	15	3	2	0	2000	212	3223	NoChange	2	2	1	2000
112	10	16	1	2	1	2000	202	923	1677	3	2	0	2000
112	10	17	1	2	0	2000	201	1065	NoChange	1	2	1	2000
112	10	18	1	6	0	2000	201	1226	NoChange	1	2	0	2000
112	10	19	2	2	0	2000	201	1213	NoChange	1	6	0	2000
112	10	20	1	6	0	2000	201	864	NoChange	2	2	0	2000
112	10	21	3	4	1	2000	202	1737	56	1	6	0	2000
112	10	22	1	2	1	2000	202	583	1699	3	4	1	2000
112	10	23	4	6	0	2000	212	1203	NoChange	1	2	1	2000
112	10	24	2	6	1	2000	211	1239	56	4	6	0	2000
112	10	25	2	6	1	2000	202	1233	57	2	6	1	2000
112	10	26	4	4	1	2000	202	779	57	2	6	1	2000
112	10	27	2	4	1	2000	202	983	58	4	4	1	2000
112	10	28	3	4	0	2000	201	827	NoChange	2	4	1	2000
112	10	29	3	6	0	2000	201	502	NoChange	3	4	0	2000
112	10	30	3	6	1	2000	202	949	57	3	6	0	2000
112	10	31	3	2	1	2000	202	962	58	3	6	1	2000
112	10	32	1	6	1	2000	202	703	1744	3	2	1	2000
112	10	33	2	4	1	2000	202	1062	59	1	6	1	2000
112	10	34	4	4	0	2000	201	1472	NoChange	2	4	1	2000
112	10	35	3	4	1	2000	211	872	59	4	4	0	2000
112	10	36	3	2	0	2000	201	777	NoChange	3	4	1	2000
112	10	37	4	2	0	2000	201	2374	NoChange	3	2	0	2000
112	10	38	4	6	0	2000	201	7139	NoChange	4	2	0	2000
112	10	39	4	6	1	2000	202	739	58	4	6	0	2000
112	10	40	2	4	0	2000	201	793	NoChange	4	6	1	2000
112	10	41	2	6	0	2000	201	1149	NoChange	2	4	0	2000
112	10	42	4	6	1	2000	202	874	59	2	6	0	2000
112	10	43	3	2	1	2000	202	898	60	4	6	1	2000
112	10	44	1	4	1	2000	202	1114	1790	3	2	1	2000
112	10	45	2	2	0	2000	201	1353	NoChange	1	4	1	2000
112	10	46	2	2	1	2000	202	966	60	2	2	0	2000
112	10	47	3	6	0	2000	212	915	NoChange	2	2	1	2000
112	10	48	4	2	1	2000	202	1474	60	3	6	0	2000
112	11	1	3	2	0	2000	201	630	NoChange	0	0	0	
112	11	2	2	6	0	2000	201	760	NoChange	3	2	0	2000
112	11	3	4	4	1	2000	202	661	61	2	6	0	2000
112	11	4	4	6	0	2000	201	1222	NoChange	4	4	1	2000
112	11	5	2	6	1	2000	202	657	61	4	6	0	2000
112	11	6	1	4	0	2000	201	546	NoChange	2	6	1	2000
112	11	7	3	4	1	2000	211	2528	61	1	4	0	2000
112	11	8	3	4	1	2000	202	3351	62	3	4	1	2000
112	11	9	4	6	1	2000	202	717	62	3	4	1	2000
112	11	10	1	6	1	2000	211	2124	1844	4	6	1	2000
112	11	11	3	4	0	2000	201	827	NoChange	1	6	1	2000
112	11	12	4	2	0	2000	201	1085	NoChange	3	4	0	2000
112	11	13	2	4	1	2000	202	581	62	4	2	0	2000
112	11	14	4	4	0	2000	201	1394	NoChange	2	4	1	2000
112	11	15	1	4	1	2000	202	638	1862	4	4	0	2000
112	11	16	2	6	1	2000	202	896	63	1	4	1	2000
112	11	17	4	2	1	2000	202	728	63	2	6	1	2000
112	11	18	2	2	0	2000	201	950	NoChange	4	2	1	2000
112	11	19	1	4	0	2000	212	1163	NoChange	2	2	0	2000
112	11	20	2	4	0	2000	201	1353	NoChange	1	4	0	2000
112	11	21	4	6	0	2000	212	950	NoChange	2	4	0	2000
112	11	22	1	6	1	2000	202	635	1891	4	6	0	2000
112	11	23	3	2	1	2000	202	917	63	1	6	1	2000
112	11	24	2	4	1	2000	202	644	64	3	2	1	2000
112	11	25	4	6	1	2000	202	718	64	2	4	1	2000
112	11	26	1	2	1	2000	202	724	1903	4	6	1	2000
112	11	27	2	2	1	2000	202	1027	65	1	2	1	2000
112	11	28	1	6	0	2000	201	909	NoChange	2	2	1	2000
112	11	29	3	6	0	2000	201	1100	NoChange	1	6	0	2000
112	11	30	4	2	1	2000	202	556	65	3	6	0	2000
112	11	31	3	6	1	2000	202	785	64	4	2	1	2000
112	11	32	2	6	0	2000	201	1205	NoChange	3	6	1	2000
112	11	33	3	6	0	2000	201	1312	NoChange	2	6	0	2000
112	11	34	4	4	0	2000	201	887	NoChange	3	6	0	2000
112	11	35	2	2	0	2000	201	631	NoChange	4	4	0	2000
112	11	36	4	4	1	2000	202	874	66	2	2	0	2000
112	11	37	1	4	1	2000	202	562	1948	4	4	1	2000
112	11	38	1	2	0	2000	201	615	NoChange	1	4	1	2000
112	11	39	4	2	0	2000	201	842	NoChange	1	2	0	2000
112	11	40	1	2	1	2000	202	580	1955	4	2	0	2000
112	11	41	3	4	0	2000	201	744	NoChange	1	2	1	2000
112	11	42	3	2	1	2000	211	1646	65	3	4	0	2000
112	11	43	1	2	0	2000	201	632	NoChange	3	2	1	2000
112	11	44	3	6	1	2000	211	1770	66	1	2	0	2000
112	11	45	3	2	0	2000	201	615	NoChange	3	6	1	2000
112	11	46	2	2	1	2000	202	626	66	3	2	0	2000
112	11	47	2	4	0	2000	201	796	NoChange	2	2	1	2000
112	11	48	1	6	0	2000	201	632	NoChange	2	4	0	2000
112	12	1	1	6	1	2000	202	600	1987	0	0	0	
112	12	2	1	2	0	2000	201	620	NoChange	1	6	1	2000
112	12	3	1	2	1	2000	202	526	1992	1	2	0	2000
112	12	4	4	6	1	2000	202	1253	67	1	2	1	2000
112	12	5	2	4	1	2000	202	894	67	4	6	1	2000
112	12	6	4	2	1	2000	202	782	68	2	4	1	2000
112	12	7	2	4	0	2000	201	994	NoChange	4	2	1	2000
112	12	8	3	6	0	2000	201	1398	NoChange	2	4	0	2000
112	12	9	2	6	1	2000	202	3442	68	3	6	0	2000
112	12	10	4	4	0	2000	201	1092	NoChange	2	6	1	2000
112	12	11	2	6	0	2000	212	821	NoChange	4	4	0	2000
112	12	12	4	2	0	2000	201	1687	NoChange	2	6	0	2000
112	12	13	3	6	1	2000	202	735	67	4	2	0	2000
112	12	14	1	4	0	2000	201	781	NoChange	3	6	1	2000
112	12	15	2	2	0	2000	201	674	NoChange	1	4	0	2000
112	12	16	3	4	1	2000	202	810	68	2	2	0	2000
112	12	17	2	6	1	2000	202	893	69	3	4	1	2000
112	12	18	2	4	1	2000	202	581	70	2	6	1	2000
112	12	19	3	4	0	2000	201	626	NoChange	2	4	1	2000
112	12	20	1	2	1	2000	202	932	2057	3	4	0	2000
112	12	21	2	2	1	2000	202	738	71	1	2	1	2000
112	12	22	4	2	1	2000	202	1280	69	2	2	1	2000
112	12	23	2	4	0	2000	201	1232	NoChange	4	2	1	2000
112	12	24	2	6	0	2000	201	866	NoChange	2	4	0	2000
112	12	25	3	6	1	2000	202	947	69	2	6	0	2000
112	12	26	4	4	1	2000	211	1001	70	3	6	1	2000
112	12	27	1	6	0	2000	212	1252	NoChange	4	4	1	2000
112	12	28	4	6	0	2000	212	1214	NoChange	1	6	0	2000
112	12	29	1	4	1	2000	202	1145	2094	4	6	0	2000
112	12	30	2	2	1	2000	202	895	72	1	4	1	2000
112	12	31	3	2	1	2000	202	1135	70	2	2	1	2000
112	12	32	1	6	0	2000	201	781	NoChange	3	2	1	2000
112	12	33	3	4	0	2000	201	641	NoChange	1	6	0	2000
112	12	34	4	4	0	2000	201	1051	NoChange	3	4	0	2000
112	12	35	3	6	0	2000	201	700	NoChange	4	4	0	2000
112	12	36	1	4	1	2000	202	860	2121	3	6	0	2000
112	12	37	1	6	1	2000	202	757	2128	1	4	1	2000
112	12	38	3	2	1	2000	202	1042	71	1	6	1	2000
112	12	39	1	4	0	2000	201	1044	NoChange	3	2	1	2000
112	12	40	3	4	1	2000	211	726	72	1	4	0	2000
112	12	41	4	4	1	2000	202	684	71	3	4	1	2000
112	12	42	4	2	0	2000	201	1036	NoChange	4	4	1	2000
112	12	43	3	2	0	2000	201	1310	NoChange	4	2	0	2000
112	12	44	3	2	0	2000	201	1165	NoChange	3	2	0	2000
112	12	45	4	6	0	2000	201	978	NoChange	3	2	0	2000
112	12	46	2	2	0	2000	201	1135	NoChange	4	6	0	2000
112	12	47	1	2	0	2000	201	517	NoChange	2	2	0	2000
112	12	48	4	6	1	2000	202	707	72	1	2	0	2000
