#subject	block	trial	condition	setsize	change	time	responses	time	Pic	prev_condition	prev_setsize	prev_change	prev_time
109	1	1	1	4	1	2000	202	635	5	0	0	0	
109	1	2	1	2	0	2000	201	845	NoChange	1	4	1	2000
109	1	3	1	4	0	2000	201	638	NoChange	1	2	0	2000
109	1	4	1	2	0	2000	201	464	NoChange	1	4	0	2000
109	1	5	2	4	0	2000	201	689	NoChange	1	2	0	2000
109	1	6	4	2	0	2000	201	609	NoChange	2	4	0	2000
109	1	7	2	4	1	2000	211	716	1	4	2	0	2000
109	1	8	3	2	1	2000	202	1627	1	2	4	1	2000
109	1	9	4	4	0	2000	201	662	NoChange	3	2	1	2000
109	1	10	3	4	0	2000	201	591	NoChange	4	4	0	2000
109	1	11	2	4	1	2000	202	618	2	3	4	0	2000
109	1	12	2	6	1	2000	202	1077	3	2	4	1	2000
109	1	13	2	2	1	2000	211	1406	4	2	6	1	2000
109	1	14	3	4	1	2000	211	993	2	2	2	1	2000
109	1	15	4	6	1	2000	202	605	1	3	4	1	2000
109	1	16	3	6	0	2000	201	1128	NoChange	4	6	1	2000
109	1	17	1	6	0	2000	212	863	NoChange	3	6	0	2000
109	1	18	2	2	0	2000	201	520	NoChange	1	6	0	2000
109	1	19	1	6	0	2000	201	614	NoChange	2	2	0	2000
109	1	20	1	6	1	2000	202	449	75	1	6	0	2000
109	1	21	4	6	1	2000	202	658	2	1	6	1	2000
109	1	22	3	4	1	2000	202	932	3	4	6	1	2000
109	1	23	1	4	0	2000	201	681	NoChange	3	4	1	2000
109	1	24	1	2	1	2000	202	521	90	1	4	0	2000
109	1	25	4	2	1	2000	202	544	3	1	2	1	2000
109	1	26	1	4	1	2000	202	541	96	4	2	1	2000
109	1	27	4	6	0	2000	201	939	NoChange	1	4	1	2000
109	1	28	3	2	0	2000	201	433	NoChange	4	6	0	2000
109	1	29	2	6	1	2000	202	659	5	3	2	0	2000
109	1	30	4	4	0	2000	201	732	NoChange	2	6	1	2000
109	1	31	3	2	0	2000	201	378	NoChange	4	4	0	2000
109	1	32	4	2	0	2000	201	598	NoChange	3	2	0	2000
109	1	33	3	4	0	2000	201	538	NoChange	4	2	0	2000
109	1	34	4	2	1	2000	202	592	4	3	4	0	2000
109	1	35	3	6	1	2000	202	988	4	4	2	1	2000
109	1	36	2	2	1	2000	202	471	6	3	6	1	2000
109	1	37	1	6	1	2000	202	824	135	2	2	1	2000
109	1	38	3	6	0	2000	201	426	NoChange	1	6	1	2000
109	1	39	3	2	1	2000	202	629	5	3	6	0	2000
109	1	40	4	6	0	2000	212	1039	NoChange	3	2	1	2000
109	1	41	2	6	0	2000	201	1081	NoChange	4	6	0	2000
109	1	42	4	4	1	2000	202	802	5	2	6	0	2000
109	1	43	2	6	0	2000	201	757	NoChange	4	4	1	2000
109	1	44	2	4	0	2000	201	474	NoChange	2	6	0	2000
109	1	45	3	6	1	2000	211	586	6	2	4	0	2000
109	1	46	2	2	0	2000	201	526	NoChange	3	6	1	2000
109	1	47	1	2	1	2000	202	653	177	2	2	0	2000
109	1	48	4	4	1	2000	202	702	6	1	2	1	2000
109	2	1	2	4	1	2000	211	579	7	0	0	0	
109	2	2	1	4	1	2000	202	583	188	2	4	1	2000
109	2	3	3	2	0	2000	212	499	NoChange	1	4	1	2000
109	2	4	3	4	1	2000	202	570	7	3	2	0	2000
109	2	5	4	6	1	2000	202	734	7	3	4	1	2000
109	2	6	1	2	1	2000	202	628	201	4	6	1	2000
109	2	7	1	6	1	2000	202	543	208	1	2	1	2000
109	2	8	1	4	0	2000	201	548	NoChange	1	6	1	2000
109	2	9	1	6	1	2000	202	625	219	1	4	0	2000
109	2	10	2	6	0	2000	212	500	NoChange	1	6	1	2000
109	2	11	3	4	1	2000	202	875	8	2	6	0	2000
109	2	12	4	6	0	2000	212	755	NoChange	3	4	1	2000
109	2	13	3	4	0	2000	201	1089	NoChange	4	6	0	2000
109	2	14	2	2	0	2000	201	569	NoChange	3	4	0	2000
109	2	15	2	4	1	2000	202	725	8	2	2	0	2000
109	2	16	3	6	0	2000	201	1188	NoChange	2	4	1	2000
109	2	17	4	2	0	2000	201	456	NoChange	3	6	0	2000
109	2	18	2	2	1	2000	202	457	9	4	2	0	2000
109	2	19	1	4	1	2000	202	506	257	2	2	1	2000
109	2	20	2	2	1	2000	202	737	10	1	4	1	2000
109	2	21	1	2	0	2000	201	519	NoChange	2	2	1	2000
109	2	22	3	2	1	2000	202	437	9	1	2	0	2000
109	2	23	2	4	0	2000	201	671	NoChange	3	2	1	2000
109	2	24	2	6	0	2000	201	687	NoChange	2	4	0	2000
109	2	25	4	2	1	2000	202	463	8	2	6	0	2000
109	2	26	4	2	1	2000	202	616	9	4	2	1	2000
109	2	27	1	2	0	2000	212	362	NoChange	4	2	1	2000
109	2	28	4	4	1	2000	202	432	10	1	2	0	2000
109	2	29	1	2	1	2000	202	506	281	4	4	1	2000
109	2	30	4	4	1	2000	202	801	11	1	2	1	2000
109	2	31	4	6	0	2000	201	716	NoChange	4	4	1	2000
109	2	32	1	6	0	2000	201	571	NoChange	4	6	0	2000
109	2	33	3	2	0	2000	201	375	NoChange	1	6	0	2000
109	2	34	3	6	1	2000	202	795	10	3	2	0	2000
109	2	35	3	2	1	2000	211	463	11	3	6	1	2000
109	2	36	1	6	0	2000	201	649	NoChange	3	2	1	2000
109	2	37	4	6	1	2000	202	994	12	1	6	0	2000
109	2	38	2	4	0	2000	201	686	NoChange	4	6	1	2000
109	2	39	4	4	0	2000	201	558	NoChange	2	4	0	2000
109	2	40	4	2	0	2000	201	523	NoChange	4	4	0	2000
109	2	41	2	2	0	2000	201	945	NoChange	4	2	0	2000
109	2	42	4	4	0	2000	201	607	NoChange	2	2	0	2000
109	2	43	2	6	1	2000	202	578	11	4	4	0	2000
109	2	44	1	4	0	2000	201	639	NoChange	2	6	1	2000
109	2	45	3	6	0	2000	201	561	NoChange	1	4	0	2000
109	2	46	3	6	1	2000	202	958	12	3	6	0	2000
109	2	47	3	4	0	2000	201	627	NoChange	3	6	1	2000
109	2	48	2	6	1	2000	202	749	12	3	4	0	2000
109	3	1	2	6	1	2000	202	547	13	0	0	0	
109	3	2	3	6	0	2000	201	857	NoChange	2	6	1	2000
109	3	3	1	4	0	2000	201	586	NoChange	3	6	0	2000
109	3	4	2	2	1	2000	211	390	14	1	4	0	2000
109	3	5	3	2	1	2000	202	698	13	2	2	1	2000
109	3	6	2	4	0	2000	212	561	NoChange	3	2	1	2000
109	3	7	2	4	1	2000	202	566	15	2	4	0	2000
109	3	8	3	4	0	2000	201	555	NoChange	2	4	1	2000
109	3	9	1	4	0	2000	201	544	NoChange	3	4	0	2000
109	3	10	1	6	1	2000	202	630	399	1	4	0	2000
109	3	11	4	6	0	2000	212	656	NoChange	1	6	1	2000
109	3	12	2	6	0	2000	212	913	NoChange	4	6	0	2000
109	3	13	1	4	1	2000	202	560	416	2	6	0	2000
109	3	14	3	2	0	2000	201	518	NoChange	1	4	1	2000
109	3	15	2	4	0	2000	201	868	NoChange	3	2	0	2000
109	3	16	1	6	1	2000	202	405	429	2	4	0	2000
109	3	17	2	2	1	2000	202	896	16	1	6	1	2000
109	3	18	1	6	0	2000	212	647	NoChange	2	2	1	2000
109	3	19	1	6	0	2000	201	1105	NoChange	1	6	0	2000
109	3	20	4	2	1	2000	202	537	13	1	6	0	2000
109	3	21	4	4	0	2000	201	702	NoChange	4	2	1	2000
109	3	22	4	2	0	2000	201	637	NoChange	4	4	0	2000
109	3	23	3	6	1	2000	202	711	14	4	2	0	2000
109	3	24	1	4	1	2000	202	518	459	3	6	1	2000
109	3	25	3	4	1	2000	211	733	15	1	4	1	2000
109	3	26	4	4	1	2000	202	619	14	3	4	1	2000
109	3	27	4	4	0	2000	201	653	NoChange	4	4	1	2000
109	3	28	2	6	0	2000	201	590	NoChange	4	4	0	2000
109	3	29	4	6	1	2000	202	682	15	2	6	0	2000
109	3	30	2	2	0	2000	201	706	NoChange	4	6	1	2000
109	3	31	3	2	0	2000	201	457	NoChange	2	2	0	2000
109	3	32	3	4	0	2000	201	594	NoChange	3	2	0	2000
109	3	33	4	2	0	2000	201	518	NoChange	3	4	0	2000
109	3	34	1	2	1	2000	202	532	493	4	2	0	2000
109	3	35	4	4	1	2000	202	746	16	1	2	1	2000
109	3	36	4	6	0	2000	201	664	NoChange	4	4	1	2000
109	3	37	4	2	1	2000	202	513	17	4	6	0	2000
109	3	38	2	6	1	2000	211	976	17	4	2	1	2000
109	3	39	3	6	0	2000	201	677	NoChange	2	6	1	2000
109	3	40	3	2	1	2000	211	1117	16	3	6	0	2000
109	3	41	3	4	1	2000	202	948	17	3	2	1	2000
109	3	42	2	4	1	2000	202	434	18	3	4	1	2000
109	3	43	1	2	0	2000	212	387	NoChange	2	4	1	2000
109	3	44	1	2	1	2000	202	735	526	1	2	0	2000
109	3	45	2	2	0	2000	212	1429	NoChange	1	2	1	2000
109	3	46	3	6	1	2000	202	1432	18	2	2	0	2000
109	3	47	1	2	0	2000	201	642	NoChange	3	6	1	2000
109	3	48	4	6	1	2000	202	492	18	1	2	0	2000
109	4	1	2	4	0	2000	201	683	NoChange	0	0	0	
109	4	2	4	6	1	2000	202	499	19	2	4	0	2000
109	4	3	2	4	0	2000	201	442	NoChange	4	6	1	2000
109	4	4	4	2	0	2000	201	571	NoChange	2	4	0	2000
109	4	5	4	4	0	2000	212	544	NoChange	4	2	0	2000
109	4	6	1	4	1	2000	202	541	564	4	4	0	2000
109	4	7	1	2	1	2000	202	523	567	1	4	1	2000
109	4	8	1	4	1	2000	202	554	572	1	2	1	2000
109	4	9	2	4	1	2000	202	647	19	1	4	1	2000
109	4	10	2	2	0	2000	201	513	NoChange	2	4	1	2000
109	4	11	4	4	1	2000	202	632	20	2	2	0	2000
109	4	12	1	6	0	2000	201	1313	NoChange	4	4	1	2000
109	4	13	2	6	1	2000	202	609	20	1	6	0	2000
109	4	14	3	2	1	2000	211	588	19	2	6	1	2000
109	4	15	2	4	1	2000	202	1040	21	3	2	1	2000
109	4	16	3	6	1	2000	202	922	20	2	4	1	2000
109	4	17	3	6	0	2000	212	1424	NoChange	3	6	1	2000
109	4	18	2	2	1	2000	202	1331	22	3	6	0	2000
109	4	19	3	4	0	2000	212	2178	NoChange	2	2	1	2000
109	4	20	3	4	1	2000	202	1511	21	3	4	0	2000
109	4	21	3	4	1	2000	211	1174	22	3	4	1	2000
109	4	22	2	6	0	2000	201	779	NoChange	3	4	1	2000
109	4	23	4	2	1	2000	202	495	21	2	6	0	2000
109	4	24	1	6	0	2000	212	951	NoChange	4	2	1	2000
109	4	25	4	6	0	2000	212	708	NoChange	1	6	0	2000
109	4	26	2	2	1	2000	202	724	23	4	6	0	2000
109	4	27	1	4	0	2000	201	1122	NoChange	2	2	1	2000
109	4	28	4	4	1	2000	202	721	22	1	4	0	2000
109	4	29	1	4	0	2000	201	855	NoChange	4	4	1	2000
109	4	30	3	4	0	2000	201	536	NoChange	1	4	0	2000
109	4	31	1	2	0	2000	201	646	NoChange	3	4	0	2000
109	4	32	1	2	0	2000	201	632	NoChange	1	2	0	2000
109	4	33	2	6	0	2000	201	1122	NoChange	1	2	0	2000
109	4	34	2	6	1	2000	202	712	24	2	6	0	2000
109	4	35	4	6	1	2000	202	911	23	2	6	1	2000
109	4	36	4	2	1	2000	202	479	24	4	6	1	2000
109	4	37	3	2	0	2000	212	487	NoChange	4	2	1	2000
109	4	38	1	6	1	2000	202	535	682	3	2	0	2000
109	4	39	3	6	0	2000	201	797	NoChange	1	6	1	2000
109	4	40	2	2	0	2000	201	1272	NoChange	3	6	0	2000
109	4	41	3	2	0	2000	201	353	NoChange	2	2	0	2000
109	4	42	4	4	0	2000	201	622	NoChange	3	2	0	2000
109	4	43	4	2	0	2000	201	425	NoChange	4	4	0	2000
109	4	44	3	2	1	2000	202	603	23	4	2	0	2000
109	4	45	1	6	1	2000	202	574	706	3	2	1	2000
109	4	46	4	6	0	2000	212	675	NoChange	1	6	1	2000
109	4	47	1	2	1	2000	202	483	715	4	6	0	2000
109	4	48	3	6	1	2000	211	1035	24	1	2	1	2000
109	5	1	1	6	0	2000	201	595	NoChange	0	0	0	
109	5	2	4	4	1	2000	202	679	25	1	6	0	2000
109	5	3	4	4	0	2000	201	456	NoChange	4	4	1	2000
109	5	4	3	6	0	2000	212	425	NoChange	4	4	0	2000
109	5	5	3	6	1	2000	202	1395	25	3	6	0	2000
109	5	6	2	6	0	2000	201	527	NoChange	3	6	1	2000
109	5	7	3	4	1	2000	211	542	26	2	6	0	2000
109	5	8	1	4	0	2000	201	635	NoChange	3	4	1	2000
109	5	9	1	2	0	2000	201	829	NoChange	1	4	0	2000
109	5	10	3	4	1	2000	202	928	27	1	2	0	2000
109	5	11	3	2	0	2000	201	550	NoChange	3	4	1	2000
109	5	12	2	2	0	2000	201	683	NoChange	3	2	0	2000
109	5	13	4	2	0	2000	201	643	NoChange	2	2	0	2000
109	5	14	1	4	1	2000	202	429	773	4	2	0	2000
109	5	15	4	2	1	2000	202	591	26	1	4	1	2000
109	5	16	4	6	0	2000	201	611	NoChange	4	2	1	2000
109	5	17	2	4	1	2000	202	726	25	4	6	0	2000
109	5	18	4	2	1	2000	202	581	27	2	4	1	2000
109	5	19	4	6	1	2000	202	537	28	4	2	1	2000
109	5	20	4	4	0	2000	201	487	NoChange	4	6	1	2000
109	5	21	4	6	0	2000	201	343	NoChange	4	4	0	2000
109	5	22	3	6	1	2000	211	2428	28	4	6	0	2000
109	5	23	2	2	1	2000	202	599	26	3	6	1	2000
109	5	24	2	4	0	2000	212	1027	NoChange	2	2	1	2000
109	5	25	1	2	1	2000	202	525	812	2	4	0	2000
109	5	26	4	6	1	2000	202	436	29	1	2	1	2000
109	5	27	3	2	1	2000	202	1181	29	4	6	1	2000
109	5	28	1	6	1	2000	202	689	825	3	2	1	2000
109	5	29	1	6	1	2000	202	513	832	1	6	1	2000
109	5	30	2	4	1	2000	211	1272	27	1	6	1	2000
109	5	31	2	2	0	2000	212	809	NoChange	2	4	1	2000
109	5	32	2	2	1	2000	202	628	28	2	2	0	2000
109	5	33	4	4	1	2000	202	583	30	2	2	1	2000
109	5	34	2	6	1	2000	202	954	29	4	4	1	2000
109	5	35	3	4	0	2000	201	632	NoChange	2	6	1	2000
109	5	36	3	4	0	2000	201	745	NoChange	3	4	0	2000
109	5	37	3	2	0	2000	201	975	NoChange	3	4	0	2000
109	5	38	3	2	1	2000	202	772	30	3	2	0	2000
109	5	39	1	4	0	2000	201	816	NoChange	3	2	1	2000
109	5	40	2	6	0	2000	212	771	NoChange	1	4	0	2000
109	5	41	3	6	0	2000	201	575	NoChange	2	6	0	2000
109	5	42	1	2	1	2000	202	612	876	3	6	0	2000
109	5	43	4	2	0	2000	201	527	NoChange	1	2	1	2000
109	5	44	1	4	1	2000	202	405	883	4	2	0	2000
109	5	45	2	6	1	2000	202	712	30	1	4	1	2000
109	5	46	1	6	0	2000	201	479	NoChange	2	6	1	2000
109	5	47	2	4	0	2000	201	616	NoChange	1	6	0	2000
109	5	48	1	2	0	2000	201	586	NoChange	2	4	0	2000
109	6	1	3	4	0	2000	201	512	NoChange	0	0	0	
109	6	2	3	6	1	2000	202	559	31	3	4	0	2000
109	6	3	3	4	0	2000	201	628	NoChange	3	6	1	2000
109	6	4	3	6	0	2000	201	542	NoChange	3	4	0	2000
109	6	5	1	6	0	2000	201	676	NoChange	3	6	0	2000
109	6	6	1	4	0	2000	201	469	NoChange	1	6	0	2000
109	6	7	4	4	1	2000	202	381	31	1	4	0	2000
109	6	8	2	2	0	2000	201	6818	NoChange	4	4	1	2000
109	6	9	1	4	0	2000	201	582	NoChange	2	2	0	2000
109	6	10	1	4	1	2000	202	498	943	1	4	0	2000
109	6	11	1	2	0	2000	201	570	NoChange	1	4	1	2000
109	6	12	1	2	1	2000	202	510	948	1	2	0	2000
109	6	13	3	6	0	2000	201	525	NoChange	1	2	1	2000
109	6	14	3	2	0	2000	201	676	NoChange	3	6	0	2000
109	6	15	3	4	1	2000	202	620	32	3	2	0	2000
109	6	16	4	4	0	2000	212	559	NoChange	3	4	1	2000
109	6	17	3	6	1	2000	202	644	33	4	4	0	2000
109	6	18	4	2	1	2000	202	550	32	3	6	1	2000
109	6	19	2	6	0	2000	201	651	NoChange	4	2	1	2000
109	6	20	4	6	0	2000	212	740	NoChange	2	6	0	2000
109	6	21	4	4	0	2000	212	682	NoChange	4	6	0	2000
109	6	22	2	2	0	2000	201	585	NoChange	4	4	0	2000
109	6	23	2	6	1	2000	202	797	31	2	2	0	2000
109	6	24	3	2	1	2000	202	513	34	2	6	1	2000
109	6	25	2	4	1	2000	202	816	32	3	2	1	2000
109	6	26	2	6	0	2000	201	571	NoChange	2	4	1	2000
109	6	27	1	4	1	2000	202	479	1007	2	6	0	2000
109	6	28	3	2	0	2000	212	407	NoChange	1	4	1	2000
109	6	29	1	6	1	2000	202	475	1016	3	2	0	2000
109	6	30	2	2	1	2000	202	507	33	1	6	1	2000
109	6	31	4	6	1	2000	202	546	33	2	2	1	2000
109	6	32	4	4	1	2000	202	536	34	4	6	1	2000
109	6	33	4	2	0	2000	201	597	NoChange	4	4	1	2000
109	6	34	2	4	1	2000	202	665	34	4	2	0	2000
109	6	35	1	6	0	2000	212	370	NoChange	2	4	1	2000
109	6	36	3	2	1	2000	202	606	35	1	6	0	2000
109	6	37	3	4	1	2000	211	489	36	3	2	1	2000
109	6	38	2	4	0	2000	212	521	NoChange	3	4	1	2000
109	6	39	2	6	1	2000	202	495	35	2	4	0	2000
109	6	40	4	2	1	2000	202	495	35	2	6	1	2000
109	6	41	4	6	1	2000	202	751	36	4	2	1	2000
109	6	42	4	6	0	2000	201	540	NoChange	4	6	1	2000
109	6	43	2	2	1	2000	202	546	36	4	6	0	2000
109	6	44	1	2	1	2000	202	367	1065	2	2	1	2000
109	6	45	1	6	1	2000	202	436	1072	1	2	1	2000
109	6	46	1	2	0	2000	201	518	NoChange	1	6	1	2000
109	6	47	4	2	0	2000	201	556	NoChange	1	2	0	2000
109	6	48	2	4	0	2000	201	697	NoChange	4	2	0	2000
109	7	1	3	4	0	2000	201	1103	NoChange	0	0	0	
109	7	2	1	4	1	2000	202	358	1089	3	4	0	2000
109	7	3	1	2	1	2000	202	379	1092	1	4	1	2000
109	7	4	1	4	0	2000	212	392	NoChange	1	2	1	2000
109	7	5	2	2	0	2000	201	411	NoChange	1	4	0	2000
109	7	6	3	4	1	2000	202	967	37	2	2	0	2000
109	7	7	1	6	0	2000	212	739	NoChange	3	4	1	2000
109	7	8	2	4	1	2000	202	601	37	1	6	0	2000
109	7	9	1	6	1	2000	202	460	1117	2	4	1	2000
109	7	10	2	6	1	2000	202	485	38	1	6	1	2000
109	7	11	4	6	0	2000	201	637	NoChange	2	6	1	2000
109	7	12	3	2	1	2000	202	471	38	4	6	0	2000
109	7	13	2	2	1	2000	211	951	39	3	2	1	2000
109	7	14	4	6	1	2000	202	468	37	2	2	1	2000
109	7	15	4	4	0	2000	201	789	NoChange	4	6	1	2000
109	7	16	4	6	1	2000	202	513	38	4	4	0	2000
109	7	17	2	6	0	2000	201	640	NoChange	4	6	1	2000
109	7	18	4	4	1	2000	202	537	39	2	6	0	2000
109	7	19	2	2	1	2000	202	503	40	4	4	1	2000
109	7	20	4	6	0	2000	201	646	NoChange	2	2	1	2000
109	7	21	3	4	1	2000	211	840	39	4	6	0	2000
109	7	22	1	2	1	2000	202	482	1166	3	4	1	2000
109	7	23	4	2	1	2000	202	698	40	1	2	1	2000
109	7	24	1	2	0	2000	201	593	NoChange	4	2	1	2000
109	7	25	3	2	1	2000	202	565	40	1	2	0	2000
109	7	26	1	4	1	2000	202	474	1175	3	2	1	2000
109	7	27	1	4	0	2000	212	506	NoChange	1	4	1	2000
109	7	28	3	4	0	2000	201	529	NoChange	1	4	0	2000
109	7	29	2	2	0	2000	201	696	NoChange	3	4	0	2000
109	7	30	2	4	0	2000	201	415	NoChange	2	2	0	2000
109	7	31	3	6	1	2000	202	722	41	2	4	0	2000
109	7	32	3	6	0	2000	201	624	NoChange	3	6	1	2000
109	7	33	3	2	0	2000	201	355	NoChange	3	6	0	2000
109	7	34	4	4	0	2000	201	752	NoChange	3	2	0	2000
109	7	35	1	2	0	2000	201	333	NoChange	4	4	0	2000
109	7	36	3	6	1	2000	202	514	42	1	2	0	2000
109	7	37	3	2	0	2000	201	306	NoChange	3	6	1	2000
109	7	38	3	6	0	2000	201	577	NoChange	3	2	0	2000
109	7	39	1	6	1	2000	202	1397	1228	3	6	0	2000
109	7	40	2	6	1	2000	202	913	41	1	6	1	2000
109	7	41	4	2	0	2000	201	456	NoChange	2	6	1	2000
109	7	42	4	4	1	2000	202	625	41	4	2	0	2000
109	7	43	2	4	0	2000	201	588	NoChange	4	4	1	2000
109	7	44	1	6	0	2000	201	600	NoChange	2	4	0	2000
109	7	45	4	2	1	2000	202	787	42	1	6	0	2000
109	7	46	2	6	0	2000	201	871	NoChange	4	2	1	2000
109	7	47	4	2	0	2000	212	727	NoChange	2	6	0	2000
109	7	48	2	4	1	2000	202	502	42	4	2	0	2000
109	8	1	2	2	1	2000	202	416	43	0	0	0	
109	8	2	4	4	0	2000	212	882	NoChange	2	2	1	2000
109	8	3	2	4	0	2000	201	354	NoChange	4	4	0	2000
109	8	4	1	2	1	2000	202	527	1272	2	4	0	2000
109	8	5	3	4	1	2000	202	566	43	1	2	1	2000
109	8	6	3	2	1	2000	202	450	44	3	4	1	2000
109	8	7	2	2	1	2000	202	555	44	3	2	1	2000
109	8	8	1	6	1	2000	202	536	1284	2	2	1	2000
109	8	9	4	2	1	2000	202	518	43	1	6	1	2000
109	8	10	1	4	0	2000	201	661	NoChange	4	2	1	2000
109	8	11	3	2	1	2000	211	462	45	1	4	0	2000
109	8	12	1	6	0	2000	212	447	NoChange	3	2	1	2000
109	8	13	1	4	0	2000	212	680	NoChange	1	6	0	2000
109	8	14	1	2	0	2000	201	545	NoChange	1	4	0	2000
109	8	15	2	4	1	2000	202	591	45	1	2	0	2000
109	8	16	4	4	0	2000	201	658	NoChange	2	4	1	2000
109	8	17	4	2	0	2000	201	604	NoChange	4	4	0	2000
109	8	18	4	6	1	2000	202	695	44	4	2	0	2000
109	8	19	3	6	0	2000	212	639	NoChange	4	6	1	2000
109	8	20	1	6	0	2000	212	520	NoChange	3	6	0	2000
109	8	21	1	4	1	2000	202	415	1333	1	6	0	2000
109	8	22	3	2	0	2000	201	458	NoChange	1	4	1	2000
109	8	23	1	6	1	2000	202	491	1342	3	2	0	2000
109	8	24	1	2	1	2000	202	435	1345	1	6	1	2000
109	8	25	4	4	1	2000	202	748	45	1	2	1	2000
109	8	26	2	6	1	2000	202	1089	46	4	4	1	2000
109	8	27	3	6	1	2000	202	745	46	2	6	1	2000
109	8	28	3	2	0	2000	201	535	NoChange	3	6	1	2000
109	8	29	2	6	1	2000	202	765	47	3	2	0	2000
109	8	30	3	4	1	2000	202	1002	47	2	6	1	2000
109	8	31	4	6	0	2000	212	605	NoChange	3	4	1	2000
109	8	32	3	6	0	2000	201	856	NoChange	4	6	0	2000
109	8	33	2	4	0	2000	201	569	NoChange	3	6	0	2000
109	8	34	4	4	1	2000	202	461	46	2	4	0	2000
109	8	35	3	4	0	2000	201	647	NoChange	4	4	1	2000
109	8	36	3	4	0	2000	212	448	NoChange	3	4	0	2000
109	8	37	4	2	0	2000	201	1081	NoChange	3	4	0	2000
109	8	38	2	2	0	2000	201	1713	NoChange	4	2	0	2000
109	8	39	4	6	1	2000	202	697	47	2	2	0	2000
109	8	40	3	6	1	2000	202	513	48	4	6	1	2000
109	8	41	2	6	0	2000	212	616	NoChange	3	6	1	2000
109	8	42	1	2	0	2000	201	402	NoChange	2	6	0	2000
109	8	43	2	4	1	2000	202	405	48	1	2	0	2000
109	8	44	2	6	0	2000	212	1224	NoChange	2	4	1	2000
109	8	45	1	4	1	2000	202	811	1431	2	6	0	2000
109	8	46	2	2	0	2000	201	710	NoChange	1	4	1	2000
109	8	47	4	2	1	2000	202	469	48	2	2	0	2000
109	8	48	4	6	0	2000	212	886	NoChange	4	2	1	2000
109	9	1	3	4	0	2000	201	834	NoChange	0	0	0	
109	9	2	4	4	1	2000	202	420	49	3	4	0	2000
109	9	3	2	6	0	2000	201	654	NoChange	4	4	1	2000
109	9	4	2	4	0	2000	201	328	NoChange	2	6	0	2000
109	9	5	1	4	0	2000	201	838	NoChange	2	4	0	2000
109	9	6	4	2	0	2000	201	616	NoChange	1	4	0	2000
109	9	7	3	4	1	2000	211	898	49	4	2	0	2000
109	9	8	1	4	0	2000	201	985	NoChange	3	4	1	2000
109	9	9	2	4	1	2000	202	509	49	1	4	0	2000
109	9	10	2	4	1	2000	202	932	50	2	4	1	2000
109	9	11	1	6	0	2000	201	1130	NoChange	2	4	1	2000
109	9	12	3	2	1	2000	202	921	50	1	6	0	2000
109	9	13	4	4	1	2000	202	528	50	3	2	1	2000
109	9	14	3	2	0	2000	201	614	NoChange	4	4	1	2000
109	9	15	4	6	0	2000	212	401	NoChange	3	2	0	2000
109	9	16	1	2	0	2000	201	556	NoChange	4	6	0	2000
109	9	17	1	6	0	2000	212	921	NoChange	1	2	0	2000
109	9	18	3	6	0	2000	201	784	NoChange	1	6	0	2000
109	9	19	2	2	0	2000	201	988	NoChange	3	6	0	2000
109	9	20	4	6	1	2000	202	720	51	2	2	0	2000
109	9	21	3	4	1	2000	211	782	51	4	6	1	2000
109	9	22	3	2	0	2000	201	642	NoChange	3	4	1	2000
109	9	23	2	2	1	2000	202	396	51	3	2	0	2000
109	9	24	2	4	0	2000	201	991	NoChange	2	2	1	2000
109	9	25	4	4	0	2000	212	691	NoChange	2	4	0	2000
109	9	26	3	4	0	2000	201	507	NoChange	4	4	0	2000
109	9	27	3	6	1	2000	211	994	52	3	4	0	2000
109	9	28	4	4	0	2000	201	462	NoChange	3	6	1	2000
109	9	29	2	2	0	2000	201	447	NoChange	4	4	0	2000
109	9	30	3	6	0	2000	201	889	NoChange	2	2	0	2000
109	9	31	4	2	1	2000	202	841	52	3	6	0	2000
109	9	32	1	6	1	2000	202	667	1558	4	2	1	2000
109	9	33	4	6	0	2000	212	595	NoChange	1	6	1	2000
109	9	34	1	2	1	2000	202	423	1567	4	6	0	2000
109	9	35	2	2	1	2000	202	337	52	1	2	1	2000
109	9	36	3	6	1	2000	202	1935	53	2	2	1	2000
109	9	37	4	2	0	2000	201	525	NoChange	3	6	1	2000
109	9	38	1	2	1	2000	202	396	1578	4	2	0	2000
109	9	39	1	4	1	2000	202	535	1583	1	2	1	2000
109	9	40	2	6	1	2000	202	437	53	1	4	1	2000
109	9	41	4	2	1	2000	202	479	53	2	6	1	2000
109	9	42	4	6	1	2000	202	623	54	4	2	1	2000
109	9	43	2	6	1	2000	202	522	54	4	6	1	2000
109	9	44	3	2	1	2000	202	448	54	2	6	1	2000
109	9	45	2	6	0	2000	212	538	NoChange	3	2	1	2000
109	9	46	1	6	1	2000	202	528	1613	2	6	0	2000
109	9	47	1	2	0	2000	201	366	NoChange	1	6	1	2000
109	9	48	1	4	1	2000	202	842	1620	1	2	0	2000
109	10	1	1	4	1	2000	202	471	1625	0	0	0	
109	10	2	3	4	1	2000	211	655	55	1	4	1	2000
109	10	3	1	2	0	2000	212	384	NoChange	3	4	1	2000
109	10	4	4	6	0	2000	201	900	NoChange	1	2	0	2000
109	10	5	4	4	1	2000	202	443	55	4	6	0	2000
109	10	6	2	2	1	2000	202	605	55	4	4	1	2000
109	10	7	4	6	1	2000	202	616	56	2	2	1	2000
109	10	8	4	2	0	2000	201	530	NoChange	4	6	1	2000
109	10	9	2	2	1	2000	202	889	56	4	2	0	2000
109	10	10	2	6	1	2000	202	425	57	2	2	1	2000
109	10	11	2	2	0	2000	201	587	NoChange	2	6	1	2000
109	10	12	4	6	1	2000	202	519	57	2	2	0	2000
109	10	13	2	6	0	2000	212	413	NoChange	4	6	1	2000
109	10	14	3	2	1	2000	202	408	56	2	6	0	2000
109	10	15	2	2	0	2000	201	555	NoChange	3	2	1	2000
109	10	16	3	4	0	2000	201	584	NoChange	2	2	0	2000
109	10	17	4	4	0	2000	201	556	NoChange	3	4	0	2000
109	10	18	1	2	1	2000	202	1545	1680	4	4	0	2000
109	10	19	2	4	1	2000	202	1567	58	1	2	1	2000
109	10	20	1	6	1	2000	202	556	1690	2	4	1	2000
109	10	21	4	2	0	2000	201	649	NoChange	1	6	1	2000
109	10	22	4	6	0	2000	201	530	NoChange	4	2	0	2000
109	10	23	4	2	1	2000	202	569	58	4	6	0	2000
109	10	24	3	4	0	2000	201	501	NoChange	4	2	1	2000
109	10	25	1	6	0	2000	212	540	NoChange	3	4	0	2000
109	10	26	2	6	1	2000	211	586	59	1	6	0	2000
109	10	27	1	4	1	2000	202	374	1719	2	6	1	2000
109	10	28	1	2	1	2000	202	442	1722	1	4	1	2000
109	10	29	3	6	1	2000	202	636	57	1	2	1	2000
109	10	30	2	4	1	2000	202	686	60	3	6	1	2000
109	10	31	4	2	1	2000	202	557	59	2	4	1	2000
109	10	32	4	4	0	2000	201	715	NoChange	4	2	1	2000
109	10	33	3	2	0	2000	201	506	NoChange	4	4	0	2000
109	10	34	1	6	0	2000	201	417	NoChange	3	2	0	2000
109	10	35	1	4	0	2000	212	387	NoChange	1	6	0	2000
109	10	36	3	6	1	2000	202	655	58	1	4	0	2000
109	10	37	1	2	0	2000	201	408	NoChange	3	6	1	2000
109	10	38	1	4	0	2000	201	523	NoChange	1	2	0	2000
109	10	39	4	4	1	2000	202	473	60	1	4	0	2000
109	10	40	3	4	1	2000	202	746	59	4	4	1	2000
109	10	41	2	6	0	2000	212	752	NoChange	3	4	1	2000
109	10	42	3	2	1	2000	202	813	60	2	6	0	2000
109	10	43	2	4	0	2000	201	720	NoChange	3	2	1	2000
109	10	44	3	6	0	2000	212	719	NoChange	2	4	0	2000
109	10	45	2	4	0	2000	201	533	NoChange	3	6	0	2000
109	10	46	3	2	0	2000	201	555	NoChange	2	4	0	2000
109	10	47	3	6	0	2000	201	616	NoChange	3	2	0	2000
109	10	48	1	6	1	2000	202	562	1800	3	6	0	2000
109	11	1	2	4	0	2000	212	925	NoChange	0	0	0	
109	11	2	1	2	0	2000	201	388	NoChange	2	4	0	2000
109	11	3	1	4	1	2000	202	415	1811	1	2	0	2000
109	11	4	3	4	0	2000	201	602	NoChange	1	4	1	2000
109	11	5	4	2	0	2000	201	597	NoChange	3	4	0	2000
109	11	6	1	2	1	2000	202	505	1820	4	2	0	2000
109	11	7	3	4	0	2000	201	552	NoChange	1	2	1	2000
109	11	8	1	6	1	2000	202	509	1831	3	4	0	2000
109	11	9	4	6	0	2000	201	1004	NoChange	1	6	1	2000
109	11	10	3	4	1	2000	211	799	61	4	6	0	2000
109	11	11	4	6	1	2000	202	474	61	3	4	1	2000
109	11	12	3	4	1	2000	211	539	62	4	6	1	2000
109	11	13	3	2	1	2000	202	984	63	3	4	1	2000
109	11	14	4	2	1	2000	202	532	62	3	2	1	2000
109	11	15	4	2	1	2000	202	426	63	4	2	1	2000
109	11	16	1	2	1	2000	202	548	1854	4	2	1	2000
109	11	17	1	2	0	2000	201	642	NoChange	1	2	1	2000
109	11	18	4	4	0	2000	201	875	NoChange	1	2	0	2000
109	11	19	1	6	0	2000	201	820	NoChange	4	4	0	2000
109	11	20	2	2	0	2000	201	438	NoChange	1	6	0	2000
109	11	21	2	6	1	2000	202	672	61	2	2	0	2000
109	11	22	2	4	1	2000	202	569	62	2	6	1	2000
109	11	23	1	4	0	2000	201	509	NoChange	2	4	1	2000
109	11	24	4	4	1	2000	202	348	64	1	4	0	2000
109	11	25	2	4	1	2000	202	570	63	4	4	1	2000
109	11	26	2	2	0	2000	201	518	NoChange	2	4	1	2000
109	11	27	3	2	0	2000	201	1157	NoChange	2	2	0	2000
109	11	28	4	2	0	2000	201	418	NoChange	3	2	0	2000
109	11	29	3	6	0	2000	212	804	NoChange	4	2	0	2000
109	11	30	3	6	1	2000	202	919	64	3	6	0	2000
109	11	31	4	4	0	2000	201	742	NoChange	3	6	1	2000
109	11	32	4	6	1	2000	202	452	65	4	4	0	2000
109	11	33	2	6	0	2000	201	693	NoChange	4	6	1	2000
109	11	34	2	6	0	2000	201	685	NoChange	2	6	0	2000
109	11	35	4	6	0	2000	212	725	NoChange	2	6	0	2000
109	11	36	4	4	1	2000	202	459	66	4	6	0	2000
109	11	37	1	4	1	2000	202	612	1938	4	4	1	2000
109	11	38	1	4	0	2000	212	911	NoChange	1	4	1	2000
109	11	39	1	6	0	2000	212	678	NoChange	1	4	0	2000
109	11	40	1	6	1	2000	202	575	1955	1	6	0	2000
109	11	41	2	6	1	2000	202	459	64	1	6	1	2000
109	11	42	3	2	0	2000	201	676	NoChange	2	6	1	2000
109	11	43	3	6	1	2000	211	693	65	3	2	0	2000
109	11	44	2	2	1	2000	202	517	65	3	6	1	2000
109	11	45	2	4	0	2000	201	643	NoChange	2	2	1	2000
109	11	46	3	2	1	2000	211	1373	66	2	4	0	2000
109	11	47	3	6	0	2000	201	962	NoChange	3	2	1	2000
109	11	48	2	2	1	2000	202	503	66	3	6	0	2000
109	12	1	4	4	0	2000	201	419	NoChange	0	0	0	
109	12	2	4	2	1	2000	202	581	67	4	4	0	2000
109	12	3	4	4	1	2000	202	818	68	4	2	1	2000
109	12	4	2	6	0	2000	201	556	NoChange	4	4	1	2000
109	12	5	3	4	1	2000	202	609	67	2	6	0	2000
109	12	6	1	2	0	2000	201	396	NoChange	3	4	1	2000
109	12	7	2	6	0	2000	212	560	NoChange	1	2	0	2000
109	12	8	2	2	0	2000	201	445	NoChange	2	6	0	2000
109	12	9	3	6	0	2000	201	719	NoChange	2	2	0	2000
109	12	10	4	2	1	2000	202	429	69	3	6	0	2000
109	12	11	2	4	1	2000	202	1184	67	4	2	1	2000
109	12	12	1	2	0	2000	201	572	NoChange	2	4	1	2000
109	12	13	4	2	0	2000	201	344	NoChange	1	2	0	2000
109	12	14	2	4	1	2000	202	470	68	4	2	0	2000
109	12	15	3	4	0	2000	201	654	NoChange	2	4	1	2000
109	12	16	3	6	0	2000	212	487	NoChange	3	4	0	2000
109	12	17	3	2	0	2000	201	447	NoChange	3	6	0	2000
109	12	18	1	4	0	2000	201	609	NoChange	3	2	0	2000
109	12	19	4	6	0	2000	201	612	NoChange	1	4	0	2000
109	12	20	4	2	0	2000	201	559	NoChange	4	6	0	2000
109	12	21	4	6	1	2000	202	420	70	4	2	0	2000
109	12	22	3	2	1	2000	202	638	68	4	6	1	2000
109	12	23	3	4	0	2000	201	1024	NoChange	3	2	1	2000
109	12	24	4	6	1	2000	202	499	71	3	4	0	2000
109	12	25	1	6	1	2000	202	522	2070	4	6	1	2000
109	12	26	3	6	1	2000	202	872	69	1	6	1	2000
109	12	27	1	4	1	2000	202	441	2080	3	6	1	2000
109	12	28	3	6	1	2000	202	659	70	1	4	1	2000
109	12	29	3	4	1	2000	202	700	71	3	6	1	2000
109	12	30	3	2	1	2000	202	731	72	3	4	1	2000
109	12	31	2	6	1	2000	202	961	69	3	2	1	2000
109	12	32	1	2	1	2000	202	1247	2097	2	6	1	2000
109	12	33	2	4	0	2000	201	1009	NoChange	1	2	1	2000
109	12	34	1	6	0	2000	201	540	NoChange	2	4	0	2000
109	12	35	1	6	0	2000	201	1162	NoChange	1	6	0	2000
109	12	36	1	6	1	2000	202	535	2120	1	6	0	2000
109	12	37	2	2	1	2000	202	669	70	1	6	1	2000
109	12	38	2	2	1	2000	202	645	71	2	2	1	2000
109	12	39	1	4	0	2000	201	615	NoChange	2	2	1	2000
109	12	40	4	4	1	2000	202	586	72	1	4	0	2000
109	12	41	2	4	0	2000	201	605	NoChange	4	4	1	2000
109	12	42	3	2	0	2000	201	608	NoChange	2	4	0	2000
109	12	43	4	6	0	2000	201	916	NoChange	3	2	0	2000
109	12	44	1	4	1	2000	202	578	2146	4	6	0	2000
109	12	45	4	4	0	2000	201	566	NoChange	1	4	1	2000
109	12	46	1	2	1	2000	202	507	2153	4	4	0	2000
109	12	47	2	6	1	2000	211	810	72	1	2	1	2000
109	12	48	2	2	0	2000	201	1365	NoChange	2	6	1	2000
