#subject	block	trial	condition	setsize	change	time	responses	time	Pic	prev_condition	prev_setsize	prev_change	prev_time
211	1	1	3	6	1	2000	211	1305	1	0	0	0	
211	1	2	2	2	1	2000	202	1041	1	3	6	1	2000
211	1	3	4	2	0	2000	201	1075	NoChange	2	2	1	2000
211	1	4	2	4	1	2000	202	1491	2	4	2	0	2000
211	1	5	2	6	0	2000	212	963	NoChange	2	4	1	2000
211	1	6	4	4	1	2000	202	1169	1	2	6	0	2000
211	1	7	1	6	0	2000	201	1293	NoChange	4	4	1	2000
211	1	8	4	6	1	2000	202	1389	2	1	6	0	2000
211	1	9	1	6	0	2000	212	1065	NoChange	4	6	1	2000
211	1	10	1	6	1	2000	202	1314	44	1	6	0	2000
211	1	11	3	2	0	2000	201	985	NoChange	1	6	1	2000
211	1	12	4	4	0	2000	201	1285	NoChange	3	2	0	2000
211	1	13	1	4	1	2000	202	1365	55	4	4	0	2000
211	1	14	4	6	0	2000	212	1026	NoChange	1	4	1	2000
211	1	15	1	2	1	2000	202	1101	64	4	6	0	2000
211	1	16	2	4	0	2000	201	1516	NoChange	1	2	1	2000
211	1	17	4	2	1	2000	202	1731	3	2	4	0	2000
211	1	18	3	6	0	2000	212	1474	NoChange	4	2	1	2000
211	1	19	2	4	0	2000	201	906	NoChange	3	6	0	2000
211	1	20	2	4	1	2000	202	426	3	2	4	0	2000
211	1	21	4	4	1	2000	202	1076	4	2	4	1	2000
211	1	22	2	2	1	2000	211	1109	4	4	4	1	2000
211	1	23	3	4	0	2000	212	1404	NoChange	2	2	1	2000
211	1	24	1	2	1	2000	202	1031	93	3	4	0	2000
211	1	25	4	4	0	2000	201	897	NoChange	1	2	1	2000
211	1	26	3	2	1	2000	211	1241	2	4	4	0	2000
211	1	27	1	2	0	2000	201	755	NoChange	3	2	1	2000
211	1	28	2	2	0	2000	201	817	NoChange	1	2	0	2000
211	1	29	2	2	0	2000	201	747	NoChange	2	2	0	2000
211	1	30	4	6	1	2000	202	1609	5	2	2	0	2000
211	1	31	2	6	0	2000	201	1916	NoChange	4	6	1	2000
211	1	32	3	4	1	2000	211	1603	3	2	6	0	2000
211	1	33	4	6	0	2000	201	1343	NoChange	3	4	1	2000
211	1	34	2	6	1	2000	202	1173	5	4	6	0	2000
211	1	35	1	4	1	2000	202	898	134	2	6	1	2000
211	1	36	1	4	0	2000	201	1289	NoChange	1	4	1	2000
211	1	37	3	4	0	2000	201	1102	NoChange	1	4	0	2000
211	1	38	1	6	1	2000	211	1201	149	3	4	0	2000
211	1	39	3	2	0	2000	201	1124	NoChange	1	6	1	2000
211	1	40	3	6	0	2000	201	723	NoChange	3	2	0	2000
211	1	41	2	6	1	2000	202	1081	6	3	6	0	2000
211	1	42	4	2	1	2000	202	834	6	2	6	1	2000
211	1	43	4	2	0	2000	201	1108	NoChange	4	2	1	2000
211	1	44	3	6	1	2000	202	1267	4	4	2	0	2000
211	1	45	1	4	0	2000	201	1716	NoChange	3	6	1	2000
211	1	46	3	4	1	2000	211	1515	5	1	4	0	2000
211	1	47	3	2	1	2000	211	1665	6	3	4	1	2000
211	1	48	1	2	0	2000	201	938	NoChange	3	2	1	2000
211	2	1	2	2	1	2000	202	1119	7	0	0	0	
211	2	2	3	6	1	2000	202	1133	7	2	2	1	2000
211	2	3	3	4	0	2000	201	947	NoChange	3	6	1	2000
211	2	4	2	2	0	2000	201	857	NoChange	3	4	0	2000
211	2	5	1	2	1	2000	202	858	195	2	2	0	2000
211	2	6	2	6	1	2000	211	1499	8	1	2	1	2000
211	2	7	1	6	0	2000	212	1115	NoChange	2	6	1	2000
211	2	8	2	6	1	2000	202	970	9	1	6	0	2000
211	2	9	1	2	1	2000	202	1110	214	2	6	1	2000
211	2	10	4	6	1	2000	202	950	7	1	2	1	2000
211	2	11	4	4	1	2000	202	1059	8	4	6	1	2000
211	2	12	1	4	1	2000	202	996	227	4	4	1	2000
211	2	13	2	6	0	2000	201	1680	NoChange	1	4	1	2000
211	2	14	3	2	0	2000	201	985	NoChange	2	6	0	2000
211	2	15	3	4	1	2000	202	1101	8	3	2	0	2000
211	2	16	2	4	0	2000	201	2252	NoChange	3	4	1	2000
211	2	17	4	4	0	2000	201	1350	NoChange	2	4	0	2000
211	2	18	3	4	1	2000	211	1187	9	4	4	0	2000
211	2	19	3	6	1	2000	202	1367	10	3	4	1	2000
211	2	20	2	2	0	2000	201	868	NoChange	3	6	1	2000
211	2	21	4	6	1	2000	202	1245	9	2	2	0	2000
211	2	22	4	2	0	2000	201	790	NoChange	4	6	1	2000
211	2	23	1	2	0	2000	201	754	NoChange	4	2	0	2000
211	2	24	1	4	0	2000	201	752	NoChange	1	2	0	2000
211	2	25	3	6	0	2000	201	1293	NoChange	1	4	0	2000
211	2	26	3	2	1	2000	211	1165	11	3	6	0	2000
211	2	27	3	4	0	2000	201	1273	NoChange	3	2	1	2000
211	2	28	4	6	0	2000	212	1362	NoChange	3	4	0	2000
211	2	29	2	2	1	2000	202	1231	10	4	6	0	2000
211	2	30	3	6	0	2000	212	1138	NoChange	2	2	1	2000
211	2	31	4	2	1	2000	202	2496	10	3	6	0	2000
211	2	32	1	6	1	2000	202	1008	301	4	2	1	2000
211	2	33	2	4	1	2000	202	1315	11	1	6	1	2000
211	2	34	1	4	1	2000	202	1722	309	2	4	1	2000
211	2	35	2	4	1	2000	202	833	12	1	4	1	2000
211	2	36	2	6	0	2000	201	1331	NoChange	2	4	1	2000
211	2	37	4	4	1	2000	202	2314	11	2	6	0	2000
211	2	38	2	4	0	2000	201	1433	NoChange	4	4	1	2000
211	2	39	3	2	1	2000	202	1115	12	2	4	0	2000
211	2	40	1	4	0	2000	201	1946	NoChange	3	2	1	2000
211	2	41	1	2	0	2000	201	968	NoChange	1	4	0	2000
211	2	42	3	2	0	2000	201	845	NoChange	1	2	0	2000
211	2	43	4	2	1	2000	202	783	12	3	2	0	2000
211	2	44	1	6	1	2000	202	1859	342	4	2	1	2000
211	2	45	4	6	0	2000	201	436	NoChange	1	6	1	2000
211	2	46	1	6	0	2000	212	1758	NoChange	4	6	0	2000
211	2	47	4	2	0	2000	201	1404	NoChange	1	6	0	2000
211	2	48	4	4	0	2000	201	1567	NoChange	4	2	0	2000
211	3	1	2	4	0	2000	201	1198	NoChange	0	0	0	
211	3	2	2	2	0	2000	201	650	NoChange	2	4	0	2000
211	3	3	4	4	1	2000	202	1235	13	2	2	0	2000
211	3	4	1	2	1	2000	202	1581	372	4	4	1	2000
211	3	5	4	2	1	2000	202	706	14	1	2	1	2000
211	3	6	1	2	0	2000	201	865	NoChange	4	2	1	2000
211	3	7	2	6	1	2000	211	1730	13	1	2	0	2000
211	3	8	4	4	0	2000	212	1040	NoChange	2	6	1	2000
211	3	9	1	4	1	2000	202	1058	389	4	4	0	2000
211	3	10	3	6	1	2000	211	868	13	1	4	1	2000
211	3	11	2	2	1	2000	211	1108	14	3	6	1	2000
211	3	12	3	6	0	2000	212	1708	NoChange	2	2	1	2000
211	3	13	2	6	1	2000	202	915	15	3	6	0	2000
211	3	14	1	6	1	2000	202	986	413	2	6	1	2000
211	3	15	1	4	1	2000	202	2070	418	1	6	1	2000
211	3	16	3	4	0	2000	212	1335	NoChange	1	4	1	2000
211	3	17	1	2	0	2000	201	1365	NoChange	3	4	0	2000
211	3	18	3	4	1	2000	211	1249	14	1	2	0	2000
211	3	19	2	2	0	2000	201	1283	NoChange	3	4	1	2000
211	3	20	1	6	1	2000	202	1323	436	2	2	0	2000
211	3	21	4	2	0	2000	201	801	NoChange	1	6	1	2000
211	3	22	3	2	1	2000	211	1133	15	4	2	0	2000
211	3	23	3	2	0	2000	201	1235	NoChange	3	2	1	2000
211	3	24	3	6	0	2000	201	1069	NoChange	3	2	0	2000
211	3	25	2	4	0	2000	201	685	NoChange	3	6	0	2000
211	3	26	1	6	0	2000	212	1501	NoChange	2	4	0	2000
211	3	27	4	2	1	2000	211	1029	15	1	6	0	2000
211	3	28	4	6	1	2000	211	4311	16	4	2	1	2000
211	3	29	3	6	1	2000	211	1328	16	4	6	1	2000
211	3	30	2	2	1	2000	202	1158	16	3	6	1	2000
211	3	31	2	6	0	2000	201	2468	NoChange	2	2	1	2000
211	3	32	2	4	1	2000	211	1269	17	2	6	0	2000
211	3	33	3	2	1	2000	202	1014	17	2	4	1	2000
211	3	34	1	2	1	2000	202	1153	482	3	2	1	2000
211	3	35	4	6	1	2000	202	1134	17	1	2	1	2000
211	3	36	4	6	0	2000	201	876	NoChange	4	6	1	2000
211	3	37	4	6	0	2000	201	901	NoChange	4	6	0	2000
211	3	38	1	4	0	2000	201	1100	NoChange	4	6	0	2000
211	3	39	3	2	0	2000	201	779	NoChange	1	4	0	2000
211	3	40	4	4	1	2000	202	1632	18	3	2	0	2000
211	3	41	4	2	0	2000	201	714	NoChange	4	4	1	2000
211	3	42	1	6	0	2000	212	1265	NoChange	4	2	0	2000
211	3	43	2	4	1	2000	211	1634	18	1	6	0	2000
211	3	44	3	4	1	2000	211	3156	18	2	4	1	2000
211	3	45	1	4	0	2000	201	1026	NoChange	3	4	1	2000
211	3	46	2	6	0	2000	201	1325	NoChange	1	4	0	2000
211	3	47	3	4	0	2000	201	1132	NoChange	2	6	0	2000
211	3	48	4	4	0	2000	212	1234	NoChange	3	4	0	2000
211	4	1	3	6	0	2000	201	1035	NoChange	0	0	0	
211	4	2	3	4	0	2000	201	637	NoChange	3	6	0	2000
211	4	3	3	2	0	2000	201	1703	NoChange	3	4	0	2000
211	4	4	4	4	1	2000	202	847	19	3	2	0	2000
211	4	5	4	6	1	2000	211	1457	20	4	4	1	2000
211	4	6	2	4	0	2000	201	1082	NoChange	4	6	1	2000
211	4	7	2	6	1	2000	211	1458	19	2	4	0	2000
211	4	8	1	4	0	2000	201	1883	NoChange	2	6	1	2000
211	4	9	4	2	1	2000	202	780	21	1	4	0	2000
211	4	10	2	2	0	2000	201	1136	NoChange	4	2	1	2000
211	4	11	3	2	1	2000	211	1302	19	2	2	0	2000
211	4	12	3	2	1	2000	211	1054	20	3	2	1	2000
211	4	13	1	6	1	2000	202	1223	585	3	2	1	2000
211	4	14	4	2	1	2000	202	1018	22	1	6	1	2000
211	4	15	4	4	1	2000	202	980	23	4	2	1	2000
211	4	16	4	6	1	2000	202	721	24	4	4	1	2000
211	4	17	1	4	0	2000	201	759	NoChange	4	6	1	2000
211	4	18	4	6	0	2000	201	1692	NoChange	1	4	0	2000
211	4	19	3	6	0	2000	212	2261	NoChange	4	6	0	2000
211	4	20	1	2	0	2000	201	846	NoChange	3	6	0	2000
211	4	21	1	4	1	2000	202	712	617	1	2	0	2000
211	4	22	1	6	0	2000	201	1567	NoChange	1	4	1	2000
211	4	23	2	2	0	2000	201	884	NoChange	1	6	0	2000
211	4	24	2	4	1	2000	202	1276	20	2	2	0	2000
211	4	25	4	2	0	2000	201	965	NoChange	2	4	1	2000
211	4	26	3	4	1	2000	202	1345	21	4	2	0	2000
211	4	27	2	4	0	2000	212	1511	NoChange	3	4	1	2000
211	4	28	2	2	1	2000	202	1735	21	2	4	0	2000
211	4	29	1	4	1	2000	202	1149	643	2	2	1	2000
211	4	30	2	6	0	2000	201	1082	NoChange	1	4	1	2000
211	4	31	1	2	0	2000	201	802	NoChange	2	6	0	2000
211	4	32	4	6	0	2000	201	886	NoChange	1	2	0	2000
211	4	33	3	6	1	2000	211	989	22	4	6	0	2000
211	4	34	3	6	1	2000	211	1105	23	3	6	1	2000
211	4	35	2	2	1	2000	202	1345	22	3	6	1	2000
211	4	36	2	6	1	2000	211	1527	23	2	2	1	2000
211	4	37	3	4	1	2000	211	1078	24	2	6	1	2000
211	4	38	1	2	1	2000	202	894	679	3	4	1	2000
211	4	39	4	2	0	2000	201	974	NoChange	1	2	1	2000
211	4	40	1	6	1	2000	202	1163	688	4	2	0	2000
211	4	41	2	6	0	2000	201	1056	NoChange	1	6	1	2000
211	4	42	4	4	0	2000	201	1273	NoChange	2	6	0	2000
211	4	43	3	4	0	2000	201	1122	NoChange	4	4	0	2000
211	4	44	1	2	1	2000	202	921	705	3	4	0	2000
211	4	45	1	6	0	2000	201	2071	NoChange	1	2	1	2000
211	4	46	3	2	0	2000	201	952	NoChange	1	6	0	2000
211	4	47	2	4	1	2000	211	981	24	3	2	0	2000
211	4	48	4	4	0	2000	212	913	NoChange	2	4	1	2000
211	5	1	4	2	1	2000	211	794	25	0	0	0	
211	5	2	2	6	0	2000	212	1126	NoChange	4	2	1	2000
211	5	3	2	4	1	2000	202	1572	25	2	6	0	2000
211	5	4	4	4	0	2000	201	1929	NoChange	2	4	1	2000
211	5	5	1	2	1	2000	202	800	737	4	4	0	2000
211	5	6	3	2	1	2000	202	1155	25	1	2	1	2000
211	5	7	1	6	1	2000	202	920	745	3	2	1	2000
211	5	8	2	4	1	2000	211	1103	26	1	6	1	2000
211	5	9	2	4	0	2000	201	638	NoChange	2	4	1	2000
211	5	10	4	6	1	2000	202	1136	26	2	4	0	2000
211	5	11	1	4	1	2000	202	614	762	4	6	1	2000
211	5	12	2	6	1	2000	211	2049	27	1	4	1	2000
211	5	13	4	2	1	2000	202	1123	27	2	6	1	2000
211	5	14	1	4	1	2000	202	722	773	4	2	1	2000
211	5	15	2	6	1	2000	202	1496	28	1	4	1	2000
211	5	16	3	6	0	2000	212	2256	NoChange	2	6	1	2000
211	5	17	3	4	1	2000	211	1410	26	3	6	0	2000
211	5	18	2	2	1	2000	211	2053	29	3	4	1	2000
211	5	19	4	4	1	2000	202	1215	28	2	2	1	2000
211	5	20	4	2	0	2000	201	914	NoChange	4	4	1	2000
211	5	21	1	2	0	2000	201	841	NoChange	4	2	0	2000
211	5	22	4	6	0	2000	201	635	NoChange	1	2	0	2000
211	5	23	1	4	0	2000	201	1261	NoChange	4	6	0	2000
211	5	24	2	6	0	2000	201	1398	NoChange	1	4	0	2000
211	5	25	3	4	1	2000	211	937	27	2	6	0	2000
211	5	26	1	6	1	2000	202	959	821	3	4	1	2000
211	5	27	3	6	1	2000	202	1437	28	1	6	1	2000
211	5	28	4	4	1	2000	202	1047	29	3	6	1	2000
211	5	29	3	2	1	2000	202	1457	29	4	4	1	2000
211	5	30	4	6	0	2000	201	858	NoChange	3	2	1	2000
211	5	31	1	6	0	2000	201	1211	NoChange	4	6	0	2000
211	5	32	3	4	0	2000	212	1479	NoChange	1	6	0	2000
211	5	33	1	2	1	2000	202	927	849	3	4	0	2000
211	5	34	4	4	0	2000	201	902	NoChange	1	2	1	2000
211	5	35	2	2	0	2000	201	701	NoChange	4	4	0	2000
211	5	36	3	4	0	2000	201	524	NoChange	2	2	0	2000
211	5	37	2	2	0	2000	201	563	NoChange	3	4	0	2000
211	5	38	2	4	0	2000	201	704	NoChange	2	2	0	2000
211	5	39	4	2	0	2000	201	655	NoChange	2	4	0	2000
211	5	40	1	4	0	2000	201	680	NoChange	4	2	0	2000
211	5	41	2	2	1	2000	211	801	30	1	4	0	2000
211	5	42	3	6	0	2000	201	604	NoChange	2	2	1	2000
211	5	43	3	2	0	2000	201	455	NoChange	3	6	0	2000
211	5	44	3	2	0	2000	201	840	NoChange	3	2	0	2000
211	5	45	4	6	1	2000	202	818	30	3	2	0	2000
211	5	46	3	6	1	2000	202	733	30	4	6	1	2000
211	5	47	1	6	0	2000	212	1595	NoChange	3	6	1	2000
211	5	48	1	2	0	2000	201	1879	NoChange	1	6	0	2000
211	6	1	3	6	1	2000	202	904	31	0	0	0	
211	6	2	2	4	1	2000	211	999	31	3	6	1	2000
211	6	3	4	6	1	2000	202	1027	31	2	4	1	2000
211	6	4	1	6	0	2000	212	1125	NoChange	4	6	1	2000
211	6	5	2	2	1	2000	202	796	32	1	6	0	2000
211	6	6	1	2	1	2000	202	928	923	2	2	1	2000
211	6	7	2	4	0	2000	201	1254	NoChange	1	2	1	2000
211	6	8	4	6	0	2000	212	1616	NoChange	2	4	0	2000
211	6	9	2	6	0	2000	212	1178	NoChange	4	6	0	2000
211	6	10	4	6	1	2000	202	1007	32	2	6	0	2000
211	6	11	3	6	1	2000	211	986	32	4	6	1	2000
211	6	12	3	2	1	2000	202	1118	33	3	6	1	2000
211	6	13	4	4	1	2000	202	893	33	3	2	1	2000
211	6	14	3	4	0	2000	201	885	NoChange	4	4	1	2000
211	6	15	3	2	1	2000	202	677	34	3	4	0	2000
211	6	16	4	2	0	2000	201	877	NoChange	3	2	1	2000
211	6	17	2	2	0	2000	201	814	NoChange	4	2	0	2000
211	6	18	4	2	1	2000	202	657	34	2	2	0	2000
211	6	19	3	4	1	2000	202	1570	35	4	2	1	2000
211	6	20	1	4	1	2000	202	735	971	3	4	1	2000
211	6	21	2	4	1	2000	202	869	33	1	4	1	2000
211	6	22	3	2	0	2000	201	901	NoChange	2	4	1	2000
211	6	23	1	6	0	2000	212	1669	NoChange	3	2	0	2000
211	6	24	4	6	0	2000	212	1277	NoChange	1	6	0	2000
211	6	25	1	4	0	2000	201	1118	NoChange	4	6	0	2000
211	6	26	3	6	0	2000	212	1093	NoChange	1	4	0	2000
211	6	27	4	2	1	2000	202	677	35	3	6	0	2000
211	6	28	2	6	0	2000	212	1013	NoChange	4	2	1	2000
211	6	29	4	2	0	2000	201	872	NoChange	2	6	0	2000
211	6	30	3	2	0	2000	201	793	NoChange	4	2	0	2000
211	6	31	4	4	0	2000	201	701	NoChange	3	2	0	2000
211	6	32	3	4	1	2000	211	1804	36	4	4	0	2000
211	6	33	1	6	1	2000	202	1232	1023	3	4	1	2000
211	6	34	1	6	1	2000	202	1002	1030	1	6	1	2000
211	6	35	2	2	0	2000	201	709	NoChange	1	6	1	2000
211	6	36	2	2	1	2000	202	1236	34	2	2	0	2000
211	6	37	4	4	1	2000	202	670	36	2	2	1	2000
211	6	38	2	6	1	2000	202	1263	35	4	4	1	2000
211	6	39	3	4	0	2000	201	840	NoChange	2	6	1	2000
211	6	40	1	4	1	2000	202	1450	1050	3	4	0	2000
211	6	41	1	2	1	2000	202	819	1053	1	4	1	2000
211	6	42	1	2	0	2000	201	734	NoChange	1	2	1	2000
211	6	43	2	6	1	2000	202	1228	36	1	2	0	2000
211	6	44	2	4	0	2000	201	1534	NoChange	2	6	1	2000
211	6	45	1	2	0	2000	201	1468	NoChange	2	4	0	2000
211	6	46	1	4	0	2000	201	1261	NoChange	1	2	0	2000
211	6	47	4	4	0	2000	212	1111	NoChange	1	4	0	2000
211	6	48	3	6	0	2000	212	1374	NoChange	4	4	0	2000
211	7	1	2	2	1	2000	202	690	37	0	0	0	
211	7	2	4	6	1	2000	202	1034	37	2	2	1	2000
211	7	3	1	6	1	2000	202	740	1093	4	6	1	2000
211	7	4	4	2	0	2000	212	522	NoChange	1	6	1	2000
211	7	5	3	4	1	2000	211	856	37	4	2	0	2000
211	7	6	3	6	0	2000	212	953	NoChange	3	4	1	2000
211	7	7	4	6	0	2000	212	1239	NoChange	3	6	0	2000
211	7	8	4	4	1	2000	202	977	38	4	6	0	2000
211	7	9	4	6	1	2000	202	957	39	4	4	1	2000
211	7	10	3	4	0	2000	212	1627	NoChange	4	6	1	2000
211	7	11	1	4	0	2000	201	1789	NoChange	3	4	0	2000
211	7	12	1	6	0	2000	201	930	NoChange	1	4	0	2000
211	7	13	3	2	1	2000	211	1464	38	1	6	0	2000
211	7	14	3	2	1	2000	211	1490	39	3	2	1	2000
211	7	15	3	4	0	2000	201	666	NoChange	3	2	1	2000
211	7	16	1	2	1	2000	202	1274	1141	3	4	0	2000
211	7	17	2	4	0	2000	201	1059	NoChange	1	2	1	2000
211	7	18	2	4	1	2000	211	724	38	2	4	0	2000
211	7	19	3	2	0	2000	201	883	NoChange	2	4	1	2000
211	7	20	4	4	1	2000	202	1107	40	3	2	0	2000
211	7	21	1	6	1	2000	202	1210	1160	4	4	1	2000
211	7	22	2	6	1	2000	202	893	39	1	6	1	2000
211	7	23	2	2	0	2000	201	1085	NoChange	2	6	1	2000
211	7	24	3	6	1	2000	202	2373	40	2	2	0	2000
211	7	25	4	2	1	2000	211	922	41	3	6	1	2000
211	7	26	4	4	0	2000	201	817	NoChange	4	2	1	2000
211	7	27	1	2	1	2000	202	603	1180	4	4	0	2000
211	7	28	1	2	0	2000	201	774	NoChange	1	2	1	2000
211	7	29	1	6	0	2000	212	907	NoChange	1	2	0	2000
211	7	30	2	2	0	2000	201	834	NoChange	1	6	0	2000
211	7	31	2	2	1	2000	211	828	40	2	2	0	2000
211	7	32	4	2	0	2000	201	551	NoChange	2	2	1	2000
211	7	33	2	4	1	2000	202	580	41	4	2	0	2000
211	7	34	4	2	1	2000	202	824	42	2	4	1	2000
211	7	35	1	2	0	2000	201	651	NoChange	4	2	1	2000
211	7	36	2	6	1	2000	211	1020	42	1	2	0	2000
211	7	37	1	4	1	2000	202	630	1209	2	6	1	2000
211	7	38	3	6	1	2000	211	1401	41	1	4	1	2000
211	7	39	3	6	0	2000	212	1516	NoChange	3	6	1	2000
211	7	40	2	6	0	2000	212	883	NoChange	3	6	0	2000
211	7	41	1	4	1	2000	202	1067	1231	2	6	0	2000
211	7	42	3	2	0	2000	201	876	NoChange	1	4	1	2000
211	7	43	1	4	0	2000	212	1068	NoChange	3	2	0	2000
211	7	44	4	6	0	2000	201	1173	NoChange	1	4	0	2000
211	7	45	4	4	0	2000	212	1201	NoChange	4	6	0	2000
211	7	46	2	6	0	2000	201	677	NoChange	4	4	0	2000
211	7	47	2	4	0	2000	201	1653	NoChange	2	6	0	2000
211	7	48	3	4	1	2000	211	1023	42	2	4	0	2000
211	8	1	1	2	0	2000	201	1102	NoChange	0	0	0	
211	8	2	4	2	1	2000	202	2221	43	1	2	0	2000
211	8	3	4	4	0	2000	201	736	NoChange	4	2	1	2000
211	8	4	1	6	1	2000	202	1102	1274	4	4	0	2000
211	8	5	2	2	1	2000	202	917	43	1	6	1	2000
211	8	6	3	2	1	2000	202	1156	43	2	2	1	2000
211	8	7	2	4	1	2000	202	1009	44	3	2	1	2000
211	8	8	4	4	0	2000	201	1652	NoChange	2	4	1	2000
211	8	9	4	6	0	2000	201	1046	NoChange	4	4	0	2000
211	8	10	1	6	1	2000	202	1112	1296	4	6	0	2000
211	8	11	2	6	0	2000	212	1271	NoChange	1	6	1	2000
211	8	12	3	4	1	2000	202	2008	44	2	6	0	2000
211	8	13	4	6	1	2000	211	1355	44	3	4	1	2000
211	8	14	3	6	0	2000	201	1129	NoChange	4	6	1	2000
211	8	15	3	2	1	2000	202	863	45	3	6	0	2000
211	8	16	2	6	1	2000	211	2041	45	3	2	1	2000
211	8	17	3	6	1	2000	211	1195	46	2	6	1	2000
211	8	18	1	2	1	2000	202	815	1330	3	6	1	2000
211	8	19	3	4	1	2000	211	1026	47	1	2	1	2000
211	8	20	4	4	1	2000	202	612	45	3	4	1	2000
211	8	21	1	6	0	2000	212	1775	NoChange	4	4	1	2000
211	8	22	4	4	1	2000	202	716	46	1	6	0	2000
211	8	23	3	4	0	2000	212	1027	NoChange	4	4	1	2000
211	8	24	2	2	0	2000	201	901	NoChange	3	4	0	2000
211	8	25	2	4	0	2000	201	1012	NoChange	2	2	0	2000
211	8	26	3	2	0	2000	201	680	NoChange	2	4	0	2000
211	8	27	1	4	0	2000	201	1112	NoChange	3	2	0	2000
211	8	28	1	4	0	2000	201	2183	NoChange	1	4	0	2000
211	8	29	4	2	1	2000	211	1412	47	1	4	0	2000
211	8	30	1	2	1	2000	202	975	1369	4	2	1	2000
211	8	31	4	6	1	2000	202	828	48	1	2	1	2000
211	8	32	2	6	1	2000	202	982	46	4	6	1	2000
211	8	33	4	2	0	2000	201	906	NoChange	2	6	1	2000
211	8	34	2	2	1	2000	202	1354	47	4	2	0	2000
211	8	35	3	6	1	2000	211	1535	48	2	2	1	2000
211	8	36	1	6	0	2000	212	1373	NoChange	3	6	1	2000
211	8	37	2	4	0	2000	201	634	NoChange	1	6	0	2000
211	8	38	2	4	1	2000	202	700	48	2	4	0	2000
211	8	39	1	4	1	2000	202	835	1405	2	4	1	2000
211	8	40	4	2	0	2000	201	925	NoChange	1	4	1	2000
211	8	41	3	4	0	2000	212	1595	NoChange	4	2	0	2000
211	8	42	3	6	0	2000	201	1399	NoChange	3	4	0	2000
211	8	43	1	4	1	2000	202	1251	1422	3	6	0	2000
211	8	44	2	6	0	2000	201	1028	NoChange	1	4	1	2000
211	8	45	1	2	0	2000	201	703	NoChange	2	6	0	2000
211	8	46	3	2	0	2000	201	702	NoChange	1	2	0	2000
211	8	47	4	6	0	2000	201	1197	NoChange	3	2	0	2000
211	8	48	2	2	0	2000	201	737	NoChange	4	6	0	2000
211	9	1	1	2	1	2000	202	751	1443	0	0	0	
211	9	2	3	2	0	2000	201	796	NoChange	1	2	1	2000
211	9	3	2	4	0	2000	201	640	NoChange	3	2	0	2000
211	9	4	3	6	1	2000	202	1345	49	2	4	0	2000
211	9	5	1	6	1	2000	202	775	1461	3	6	1	2000
211	9	6	2	6	1	2000	202	1172	49	1	6	1	2000
211	9	7	2	4	1	2000	211	1009	50	2	6	1	2000
211	9	8	4	4	1	2000	211	748	49	2	4	1	2000
211	9	9	1	6	0	2000	201	1050	NoChange	4	4	1	2000
211	9	10	3	4	1	2000	202	1635	50	1	6	0	2000
211	9	11	1	4	1	2000	211	773	1486	3	4	1	2000
211	9	12	4	2	1	2000	202	666	50	1	4	1	2000
211	9	13	3	2	1	2000	211	1138	51	4	2	1	2000
211	9	14	4	4	0	2000	201	912	NoChange	3	2	1	2000
211	9	15	3	2	0	2000	201	551	NoChange	4	4	0	2000
211	9	16	2	4	1	2000	211	852	51	3	2	0	2000
211	9	17	2	6	1	2000	211	1086	52	2	4	1	2000
211	9	18	4	6	0	2000	201	1470	NoChange	2	6	1	2000
211	9	19	4	6	1	2000	202	886	51	4	6	0	2000
211	9	20	1	4	1	2000	202	926	1518	4	6	1	2000
211	9	21	2	2	0	2000	201	957	NoChange	1	4	1	2000
211	9	22	4	2	0	2000	201	842	NoChange	2	2	0	2000
211	9	23	1	2	1	2000	202	532	1525	4	2	0	2000
211	9	24	2	6	0	2000	212	1890	NoChange	1	2	1	2000
211	9	25	4	6	0	2000	201	930	NoChange	2	6	0	2000
211	9	26	4	4	1	2000	202	1121	52	4	6	0	2000
211	9	27	4	2	0	2000	201	615	NoChange	4	4	1	2000
211	9	28	3	2	1	2000	202	914	52	4	2	0	2000
211	9	29	1	6	1	2000	202	985	1550	3	2	1	2000
211	9	30	4	6	1	2000	202	1565	53	1	6	1	2000
211	9	31	2	2	0	2000	201	770	NoChange	4	6	1	2000
211	9	32	2	2	1	2000	202	574	53	2	2	0	2000
211	9	33	2	6	0	2000	212	1307	NoChange	2	2	1	2000
211	9	34	1	2	0	2000	201	2122	NoChange	2	6	0	2000
211	9	35	3	4	1	2000	211	1225	53	1	2	0	2000
211	9	36	2	2	1	2000	202	564	54	3	4	1	2000
211	9	37	2	4	0	2000	201	921	NoChange	2	2	1	2000
211	9	38	1	4	0	2000	201	1447	NoChange	2	4	0	2000
211	9	39	1	6	0	2000	201	1266	NoChange	1	4	0	2000
211	9	40	1	4	0	2000	201	954	NoChange	1	6	0	2000
211	9	41	3	4	0	2000	201	679	NoChange	1	4	0	2000
211	9	42	3	6	1	2000	211	2024	54	3	4	0	2000
211	9	43	1	2	0	2000	201	675	NoChange	3	6	1	2000
211	9	44	3	4	0	2000	201	707	NoChange	1	2	0	2000
211	9	45	3	6	0	2000	201	579	NoChange	3	4	0	2000
211	9	46	4	2	1	2000	202	607	54	3	6	0	2000
211	9	47	4	4	0	2000	201	562	NoChange	4	2	1	2000
211	9	48	3	6	0	2000	201	1039	NoChange	4	4	0	2000
211	10	1	3	6	0	2000	201	820	NoChange	0	0	0	
211	10	2	3	6	1	2000	211	830	55	3	6	0	2000
211	10	3	4	2	0	2000	212	1329	NoChange	3	6	1	2000
211	10	4	1	6	1	2000	211	1055	1640	4	2	0	2000
211	10	5	2	2	0	2000	201	889	NoChange	1	6	1	2000
211	10	6	4	4	0	2000	201	2088	NoChange	2	2	0	2000
211	10	7	1	4	0	2000	201	897	NoChange	4	4	0	2000
211	10	8	1	4	1	2000	202	1265	1655	1	4	0	2000
211	10	9	3	4	1	2000	202	761	56	1	4	1	2000
211	10	10	4	4	1	2000	202	751	55	3	4	1	2000
211	10	11	4	2	0	2000	201	684	NoChange	4	4	1	2000
211	10	12	2	6	1	2000	202	1076	55	4	2	0	2000
211	10	13	2	4	0	2000	201	804	NoChange	2	6	1	2000
211	10	14	3	2	1	2000	202	1471	57	2	4	0	2000
211	10	15	3	6	0	2000	212	1328	NoChange	3	2	1	2000
211	10	16	1	6	1	2000	202	943	1686	3	6	0	2000
211	10	17	1	4	0	2000	201	589	NoChange	1	6	1	2000
211	10	18	4	6	1	2000	211	1097	56	1	4	0	2000
211	10	19	3	4	1	2000	202	1384	58	4	6	1	2000
211	10	20	4	4	0	2000	201	645	NoChange	3	4	1	2000
211	10	21	3	2	1	2000	211	1262	59	4	4	0	2000
211	10	22	1	2	0	2000	201	544	NoChange	3	2	1	2000
211	10	23	2	2	0	2000	201	1366	NoChange	1	2	0	2000
211	10	24	4	6	0	2000	212	1762	NoChange	2	2	0	2000
211	10	25	4	2	1	2000	202	672	57	4	6	0	2000
211	10	26	2	6	1	2000	202	1872	56	4	2	1	2000
211	10	27	4	6	1	2000	202	953	58	2	6	1	2000
211	10	28	1	2	1	2000	202	814	1727	4	6	1	2000
211	10	29	1	6	0	2000	212	658	NoChange	1	2	1	2000
211	10	30	1	2	0	2000	201	1571	NoChange	1	6	0	2000
211	10	31	1	2	1	2000	202	1024	1738	1	2	0	2000
211	10	32	2	4	0	2000	201	890	NoChange	1	2	1	2000
211	10	33	3	6	1	2000	211	970	60	2	4	0	2000
211	10	34	3	2	0	2000	201	767	NoChange	3	6	1	2000
211	10	35	2	4	1	2000	202	1411	57	3	2	0	2000
211	10	36	4	4	1	2000	202	1295	59	2	4	1	2000
211	10	37	2	4	1	2000	202	1431	58	4	4	1	2000
211	10	38	3	4	0	2000	201	1433	NoChange	2	4	1	2000
211	10	39	1	6	0	2000	212	1132	NoChange	3	4	0	2000
211	10	40	2	2	1	2000	202	698	59	1	6	0	2000
211	10	41	2	6	0	2000	212	881	NoChange	2	2	1	2000
211	10	42	2	2	1	2000	202	1562	60	2	6	0	2000
211	10	43	3	4	0	2000	201	575	NoChange	2	2	1	2000
211	10	44	2	6	0	2000	201	796	NoChange	3	4	0	2000
211	10	45	4	6	0	2000	201	648	NoChange	2	6	0	2000
211	10	46	4	2	1	2000	202	993	60	4	6	0	2000
211	10	47	1	4	1	2000	202	1349	1798	4	2	1	2000
211	10	48	3	2	0	2000	201	643	NoChange	1	4	1	2000
211	11	1	2	6	0	2000	212	1318	NoChange	0	0	0	
211	11	2	2	2	0	2000	201	828	NoChange	2	6	0	2000
211	11	3	1	4	0	2000	201	471	NoChange	2	2	0	2000
211	11	4	4	2	0	2000	201	1087	NoChange	1	4	0	2000
211	11	5	4	4	0	2000	201	855	NoChange	4	2	0	2000
211	11	6	2	2	0	2000	201	880	NoChange	4	4	0	2000
211	11	7	2	4	1	2000	211	849	61	2	2	0	2000
211	11	8	1	2	0	2000	201	674	NoChange	2	4	1	2000
211	11	9	3	6	1	2000	202	843	61	1	2	0	2000
211	11	10	1	4	0	2000	212	1084	NoChange	3	6	1	2000
211	11	11	3	2	0	2000	201	500	NoChange	1	4	0	2000
211	11	12	1	4	1	2000	202	875	1841	3	2	0	2000
211	11	13	3	2	1	2000	211	892	62	1	4	1	2000
211	11	14	1	6	1	2000	202	1828	1849	3	2	1	2000
211	11	15	3	6	0	2000	212	1495	NoChange	1	6	1	2000
211	11	16	3	6	0	2000	201	1679	NoChange	3	6	0	2000
211	11	17	2	2	1	2000	202	936	62	3	6	0	2000
211	11	18	3	2	1	2000	211	1062	63	2	2	1	2000
211	11	19	4	4	1	2000	202	1135	61	3	2	1	2000
211	11	20	3	4	0	2000	201	661	NoChange	4	4	1	2000
211	11	21	4	6	1	2000	202	1094	62	3	4	0	2000
211	11	22	2	4	0	2000	201	654	NoChange	4	6	1	2000
211	11	23	1	6	1	2000	202	927	1886	2	4	0	2000
211	11	24	4	4	0	2000	201	630	NoChange	1	6	1	2000
211	11	25	3	2	0	2000	201	536	NoChange	4	4	0	2000
211	11	26	4	2	0	2000	212	1670	NoChange	3	2	0	2000
211	11	27	1	6	0	2000	201	767	NoChange	4	2	0	2000
211	11	28	3	4	1	2000	211	531	64	1	6	0	2000
211	11	29	2	4	1	2000	211	466	63	3	4	1	2000
211	11	30	1	6	0	2000	212	1370	NoChange	2	4	1	2000
211	11	31	1	2	1	2000	202	887	1915	1	6	0	2000
211	11	32	2	2	1	2000	202	1207	64	1	2	1	2000
211	11	33	2	4	0	2000	201	1018	NoChange	2	2	1	2000
211	11	34	4	6	0	2000	212	1389	NoChange	2	4	0	2000
211	11	35	3	6	1	2000	211	993	65	4	6	0	2000
211	11	36	4	2	1	2000	202	789	63	3	6	1	2000
211	11	37	3	4	1	2000	202	1441	66	4	2	1	2000
211	11	38	2	6	1	2000	211	1579	65	3	4	1	2000
211	11	39	2	6	1	2000	211	864	66	2	6	1	2000
211	11	40	1	2	1	2000	202	617	1948	2	6	1	2000
211	11	41	4	6	0	2000	212	1259	NoChange	1	2	1	2000
211	11	42	4	2	1	2000	211	589	64	4	6	0	2000
211	11	43	3	4	0	2000	201	904	NoChange	4	2	1	2000
211	11	44	1	2	0	2000	201	792	NoChange	3	4	0	2000
211	11	45	1	4	1	2000	202	891	1966	1	2	0	2000
211	11	46	2	6	0	2000	201	635	NoChange	1	4	1	2000
211	11	47	4	4	1	2000	211	1085	65	2	6	0	2000
211	11	48	4	6	1	2000	202	1213	66	4	4	1	2000
211	12	1	4	2	0	2000	201	1812	NoChange	0	0	0	
211	12	2	3	6	0	2000	201	815	NoChange	4	2	0	2000
211	12	3	1	6	1	2000	202	634	1995	3	6	0	2000
211	12	4	2	6	0	2000	212	716	NoChange	1	6	1	2000
211	12	5	4	6	0	2000	201	930	NoChange	2	6	0	2000
211	12	6	2	4	1	2000	211	849	67	4	6	0	2000
211	12	7	3	6	1	2000	202	994	67	2	4	1	2000
211	12	8	1	4	0	2000	201	590	NoChange	3	6	1	2000
211	12	9	2	2	1	2000	211	1369	68	1	4	0	2000
211	12	10	3	2	1	2000	202	846	68	2	2	1	2000
211	12	11	1	6	0	2000	201	1424	NoChange	3	2	1	2000
211	12	12	1	4	0	2000	201	987	NoChange	1	6	0	2000
211	12	13	1	6	0	2000	212	1047	NoChange	1	4	0	2000
211	12	14	4	2	1	2000	202	1129	67	1	6	0	2000
211	12	15	2	2	1	2000	202	1367	69	4	2	1	2000
211	12	16	4	2	0	2000	201	876	NoChange	2	2	1	2000
211	12	17	2	4	0	2000	201	405	NoChange	4	2	0	2000
211	12	18	4	4	0	2000	212	832	NoChange	2	4	0	2000
211	12	19	3	2	1	2000	211	866	69	4	4	0	2000
211	12	20	1	2	0	2000	201	586	NoChange	3	2	1	2000
211	12	21	2	2	0	2000	201	790	NoChange	1	2	0	2000
211	12	22	4	6	1	2000	211	850	68	2	2	0	2000
211	12	23	4	6	1	2000	211	819	69	4	6	1	2000
211	12	24	2	4	0	2000	201	1005	NoChange	4	6	1	2000
211	12	25	3	4	0	2000	201	609	NoChange	2	4	0	2000
211	12	26	2	2	0	2000	201	492	NoChange	3	4	0	2000
211	12	27	4	2	1	2000	202	796	70	2	2	0	2000
211	12	28	4	6	0	2000	201	992	NoChange	4	2	1	2000
211	12	29	4	4	1	2000	202	827	71	4	6	0	2000
211	12	30	3	4	1	2000	202	1270	70	4	4	1	2000
211	12	31	1	2	1	2000	202	1015	2090	3	4	1	2000
211	12	32	3	2	0	2000	201	1210	NoChange	1	2	1	2000
211	12	33	3	6	1	2000	211	1293	71	3	2	0	2000
211	12	34	3	2	0	2000	201	797	NoChange	3	6	1	2000
211	12	35	4	4	1	2000	202	609	72	3	2	0	2000
211	12	36	1	2	1	2000	202	884	2105	4	4	1	2000
211	12	37	3	4	1	2000	202	1188	72	1	2	1	2000
211	12	38	4	4	0	2000	201	560	NoChange	3	4	1	2000
211	12	39	3	6	0	2000	201	717	NoChange	4	4	0	2000
211	12	40	1	4	1	2000	202	844	2123	3	6	0	2000
211	12	41	2	6	1	2000	202	1102	70	1	4	1	2000
211	12	42	3	4	0	2000	201	645	NoChange	2	6	1	2000
211	12	43	1	6	1	2000	202	911	2139	3	4	0	2000
211	12	44	2	6	0	2000	212	758	NoChange	1	6	1	2000
211	12	45	2	6	1	2000	211	1235	71	2	6	0	2000
211	12	46	2	4	1	2000	211	1149	72	2	6	1	2000
211	12	47	1	4	1	2000	202	1611	2158	2	4	1	2000
211	12	48	1	2	0	2000	201	958	NoChange	1	4	1	2000
