#subject	block	trial	condition	setsize	change	time	responses	time	Pic	prev_condition	prev_setsize	prev_change	prev_time
213	1	1	2	4	0	2000	201	1377	NoChange	0	0	0	
213	1	2	2	4	1	2000	202	2126	1	2	4	0	2000
213	1	3	4	4	0	2000	212	2141	NoChange	2	4	1	2000
213	1	4	3	2	1	2000	202	3084	1	4	4	0	2000
213	1	5	4	6	1	2000	202	948	1	3	2	1	2000
213	1	6	2	2	0	2000	201	889	NoChange	4	6	1	2000
213	1	7	2	6	0	2000	201	761	NoChange	2	2	0	2000
213	1	8	2	2	0	2000	201	1742	NoChange	2	6	0	2000
213	1	9	2	4	0	2000	201	1357	NoChange	2	2	0	2000
213	1	10	1	4	0	2000	212	2554	NoChange	2	4	0	2000
213	1	11	1	2	0	2000	201	2272	NoChange	1	4	0	2000
213	1	12	1	6	1	2000	202	953	44	1	2	0	2000
213	1	13	2	2	1	2000	202	1022	2	1	6	1	2000
213	1	14	2	6	1	2000	202	1329	3	2	2	1	2000
213	1	15	1	2	1	2000	202	1152	53	2	6	1	2000
213	1	16	1	4	1	2000	202	829	58	1	2	1	2000
213	1	17	2	6	1	2000	211	3624	4	1	4	1	2000
213	1	18	1	6	0	2000	201	771	NoChange	2	6	1	2000
213	1	19	2	2	1	2000	211	1536	5	1	6	0	2000
213	1	20	3	4	1	2000	202	966	2	2	2	1	2000
213	1	21	3	4	0	2000	212	642	NoChange	3	4	1	2000
213	1	22	1	4	1	2000	202	716	82	3	4	0	2000
213	1	23	4	6	1	2000	202	571	2	1	4	1	2000
213	1	24	4	4	1	2000	202	1623	3	4	6	1	2000
213	1	25	4	2	1	2000	202	610	4	4	4	1	2000
213	1	26	3	6	0	2000	201	1197	NoChange	4	2	1	2000
213	1	27	3	6	0	2000	212	1329	NoChange	3	6	0	2000
213	1	28	4	2	0	2000	201	1504	NoChange	3	6	0	2000
213	1	29	4	6	0	2000	201	2559	NoChange	4	2	0	2000
213	1	30	2	4	1	2000	202	3157	6	4	6	0	2000
213	1	31	3	2	0	2000	201	947	NoChange	2	4	1	2000
213	1	32	1	4	0	2000	212	1585	NoChange	3	2	0	2000
213	1	33	3	6	1	2000	202	2053	3	1	4	0	2000
213	1	34	3	4	1	2000	211	2103	4	3	6	1	2000
213	1	35	4	4	0	2000	212	1119	NoChange	3	4	1	2000
213	1	36	4	2	1	2000	202	893	5	4	4	0	2000
213	1	37	1	6	0	2000	201	661	NoChange	4	2	1	2000
213	1	38	4	2	0	2000	201	1134	NoChange	1	6	0	2000
213	1	39	3	4	0	2000	201	2412	NoChange	4	2	0	2000
213	1	40	1	2	0	2000	201	1448	NoChange	3	4	0	2000
213	1	41	3	2	1	2000	202	930	5	1	2	0	2000
213	1	42	4	4	1	2000	202	2752	6	3	2	1	2000
213	1	43	3	6	1	2000	202	1182	6	4	4	1	2000
213	1	44	1	2	1	2000	202	938	159	3	6	1	2000
213	1	45	3	2	0	2000	201	2904	NoChange	1	2	1	2000
213	1	46	2	6	0	2000	212	1256	NoChange	3	2	0	2000
213	1	47	4	6	0	2000	212	1129	NoChange	2	6	0	2000
213	1	48	1	6	1	2000	202	776	180	4	6	0	2000
213	2	1	2	6	1	2000	211	1812	7	0	0	0	
213	2	2	1	4	0	2000	201	1143	NoChange	2	6	1	2000
213	2	3	1	6	0	2000	212	2317	NoChange	1	4	0	2000
213	2	4	4	6	1	2000	202	652	7	1	6	0	2000
213	2	5	4	2	1	2000	202	1086	8	4	6	1	2000
213	2	6	2	6	0	2000	201	1462	NoChange	4	2	1	2000
213	2	7	3	6	1	2000	202	943	7	2	6	0	2000
213	2	8	3	6	0	2000	201	1517	NoChange	3	6	1	2000
213	2	9	4	4	0	2000	212	1708	NoChange	3	6	0	2000
213	2	10	4	4	0	2000	212	1635	NoChange	4	4	0	2000
213	2	11	1	6	1	2000	202	1190	233	4	4	0	2000
213	2	12	2	2	1	2000	202	698	8	1	6	1	2000
213	2	13	2	6	0	2000	201	1449	NoChange	2	2	1	2000
213	2	14	1	2	0	2000	201	971	NoChange	2	6	0	2000
213	2	15	1	2	1	2000	202	767	245	1	2	0	2000
213	2	16	3	4	0	2000	201	956	NoChange	1	2	1	2000
213	2	17	2	4	1	2000	211	665	9	3	4	0	2000
213	2	18	4	2	0	2000	201	857	NoChange	2	4	1	2000
213	2	19	2	2	0	2000	201	507	NoChange	4	2	0	2000
213	2	20	3	2	0	2000	201	1386	NoChange	2	2	0	2000
213	2	21	2	6	1	2000	202	830	10	3	2	0	2000
213	2	22	4	2	1	2000	202	960	9	2	6	1	2000
213	2	23	4	6	0	2000	201	1382	NoChange	4	2	1	2000
213	2	24	3	4	1	2000	211	930	8	4	6	0	2000
213	2	25	4	4	1	2000	202	680	10	3	4	1	2000
213	2	26	3	2	0	2000	201	1057	NoChange	4	4	1	2000
213	2	27	2	4	1	2000	202	554	11	3	2	0	2000
213	2	28	1	4	1	2000	202	711	286	2	4	1	2000
213	2	29	1	2	0	2000	201	2718	NoChange	1	4	1	2000
213	2	30	1	2	1	2000	202	750	291	1	2	0	2000
213	2	31	2	2	1	2000	202	2547	12	1	2	1	2000
213	2	32	1	6	1	2000	202	3001	299	2	2	1	2000
213	2	33	3	2	1	2000	202	1237	9	1	6	1	2000
213	2	34	3	4	0	2000	201	1991	NoChange	3	2	1	2000
213	2	35	2	4	0	2000	201	2564	NoChange	3	4	0	2000
213	2	36	1	4	1	2000	202	1538	313	2	4	0	2000
213	2	37	1	6	0	2000	212	1224	NoChange	1	4	1	2000
213	2	38	3	4	1	2000	202	3514	10	1	6	0	2000
213	2	39	3	2	1	2000	202	2170	11	3	4	1	2000
213	2	40	3	6	1	2000	211	4839	12	3	2	1	2000
213	2	41	4	6	0	2000	201	794	NoChange	3	6	1	2000
213	2	42	2	2	0	2000	201	630	NoChange	4	6	0	2000
213	2	43	4	4	1	2000	202	865	11	2	2	0	2000
213	2	44	2	4	0	2000	201	529	NoChange	4	4	1	2000
213	2	45	4	2	0	2000	201	1680	NoChange	2	4	0	2000
213	2	46	3	6	0	2000	201	2017	NoChange	4	2	0	2000
213	2	47	4	6	1	2000	202	644	12	3	6	0	2000
213	2	48	1	4	0	2000	201	2029	NoChange	4	6	1	2000
213	3	1	1	2	1	2000	202	769	363	0	0	0	
213	3	2	3	2	0	2000	201	974	NoChange	1	2	1	2000
213	3	3	2	6	1	2000	211	851	13	3	2	0	2000
213	3	4	1	2	0	2000	201	612	NoChange	2	6	1	2000
213	3	5	4	4	1	2000	202	831	13	1	2	0	2000
213	3	6	1	6	0	2000	212	3153	NoChange	4	4	1	2000
213	3	7	3	6	0	2000	212	3424	NoChange	1	6	0	2000
213	3	8	1	2	1	2000	202	635	390	3	6	0	2000
213	3	9	3	4	1	2000	211	957	13	1	2	1	2000
213	3	10	1	4	1	2000	202	802	398	3	4	1	2000
213	3	11	3	6	1	2000	202	1213	14	1	4	1	2000
213	3	12	3	6	0	2000	201	2017	NoChange	3	6	1	2000
213	3	13	4	2	0	2000	201	548	NoChange	3	6	0	2000
213	3	14	1	2	0	2000	201	617	NoChange	4	2	0	2000
213	3	15	2	4	1	2000	202	884	14	1	2	0	2000
213	3	16	2	6	0	2000	201	996	NoChange	2	4	1	2000
213	3	17	1	6	1	2000	202	672	429	2	6	0	2000
213	3	18	1	6	1	2000	202	784	436	1	6	1	2000
213	3	19	2	6	0	2000	201	1356	NoChange	1	6	1	2000
213	3	20	3	6	1	2000	202	761	15	2	6	0	2000
213	3	21	2	2	0	2000	201	1359	NoChange	3	6	1	2000
213	3	22	3	2	0	2000	201	1460	NoChange	2	2	0	2000
213	3	23	2	2	1	2000	202	453	15	3	2	0	2000
213	3	24	4	2	1	2000	202	766	14	2	2	1	2000
213	3	25	4	2	1	2000	202	1043	15	4	2	1	2000
213	3	26	4	2	0	2000	201	1253	NoChange	4	2	1	2000
213	3	27	4	4	0	2000	201	2374	NoChange	4	2	0	2000
213	3	28	1	4	0	2000	201	987	NoChange	4	4	0	2000
213	3	29	2	4	0	2000	212	599	NoChange	1	4	0	2000
213	3	30	4	6	0	2000	212	730	NoChange	2	4	0	2000
213	3	31	4	4	1	2000	211	1897	16	4	6	0	2000
213	3	32	1	4	0	2000	201	2073	NoChange	4	4	1	2000
213	3	33	4	6	1	2000	202	626	17	1	4	0	2000
213	3	34	3	2	1	2000	202	1261	16	4	6	1	2000
213	3	35	2	2	1	2000	202	1102	16	3	2	1	2000
213	3	36	3	4	0	2000	201	1829	NoChange	2	2	1	2000
213	3	37	4	4	0	2000	201	744	NoChange	3	4	0	2000
213	3	38	2	4	0	2000	201	1974	NoChange	4	4	0	2000
213	3	39	2	2	0	2000	212	2411	NoChange	2	4	0	2000
213	3	40	2	4	1	2000	202	1135	17	2	2	0	2000
213	3	41	1	6	0	2000	201	2069	NoChange	2	4	1	2000
213	3	42	2	6	1	2000	202	686	18	1	6	0	2000
213	3	43	4	6	1	2000	202	750	18	2	6	1	2000
213	3	44	3	4	1	2000	202	3763	17	4	6	1	2000
213	3	45	3	4	0	2000	201	1009	NoChange	3	4	1	2000
213	3	46	4	6	0	2000	201	629	NoChange	3	4	0	2000
213	3	47	3	2	1	2000	211	4871	18	4	6	0	2000
213	3	48	1	4	1	2000	202	745	540	3	2	1	2000
213	4	1	1	2	0	2000	201	2391	NoChange	0	0	0	
213	4	2	1	4	0	2000	201	2260	NoChange	1	2	0	2000
213	4	3	4	6	1	2000	202	2430	19	1	4	0	2000
213	4	4	3	2	1	2000	211	2321	19	4	6	1	2000
213	4	5	1	4	1	2000	202	768	557	3	2	1	2000
213	4	6	1	6	0	2000	212	2588	NoChange	1	4	1	2000
213	4	7	2	6	0	2000	201	4321	NoChange	1	6	0	2000
213	4	8	3	4	0	2000	201	2945	NoChange	2	6	0	2000
213	4	9	4	2	1	2000	202	663	20	3	4	0	2000
213	4	10	2	2	1	2000	202	1345	19	4	2	1	2000
213	4	11	4	4	0	2000	212	839	NoChange	2	2	1	2000
213	4	12	1	4	1	2000	202	681	584	4	4	0	2000
213	4	13	2	4	0	2000	201	1385	NoChange	1	4	1	2000
213	4	14	4	6	0	2000	201	2845	NoChange	2	4	0	2000
213	4	15	2	6	1	2000	211	1424	20	4	6	0	2000
213	4	16	3	6	1	2000	202	1627	20	2	6	1	2000
213	4	17	3	6	0	2000	201	981	NoChange	3	6	1	2000
213	4	18	4	4	1	2000	202	729	21	3	6	0	2000
213	4	19	3	4	0	2000	201	1936	NoChange	4	4	1	2000
213	4	20	3	4	1	2000	202	1086	21	3	4	0	2000
213	4	21	3	6	1	2000	211	2742	22	3	4	1	2000
213	4	22	2	4	1	2000	211	4997	21	3	6	1	2000
213	4	23	4	4	1	2000	202	1025	22	2	4	1	2000
213	4	24	4	2	0	2000	201	796	NoChange	4	4	1	2000
213	4	25	2	2	0	2000	201	1952	NoChange	4	2	0	2000
213	4	26	2	4	1	2000	211	3774	22	2	2	0	2000
213	4	27	4	6	1	2000	202	675	23	2	4	1	2000
213	4	28	3	2	0	2000	201	892	NoChange	4	6	1	2000
213	4	29	1	2	1	2000	202	572	648	3	2	0	2000
213	4	30	4	2	1	2000	202	584	24	1	2	1	2000
213	4	31	2	6	0	2000	212	868	NoChange	4	2	1	2000
213	4	32	2	2	1	2000	202	1228	23	2	6	0	2000
213	4	33	1	6	0	2000	201	2495	NoChange	2	2	1	2000
213	4	34	1	2	0	2000	201	728	NoChange	1	6	0	2000
213	4	35	1	6	1	2000	202	734	671	1	2	0	2000
213	4	36	1	6	1	2000	202	580	678	1	6	1	2000
213	4	37	3	4	1	2000	202	752	23	1	6	1	2000
213	4	38	1	4	0	2000	201	1054	NoChange	3	4	1	2000
213	4	39	3	6	0	2000	201	1255	NoChange	1	4	0	2000
213	4	40	3	2	0	2000	201	728	NoChange	3	6	0	2000
213	4	41	2	6	1	2000	211	1775	24	3	2	0	2000
213	4	42	3	2	1	2000	202	1468	24	2	6	1	2000
213	4	43	2	4	0	2000	201	2044	NoChange	3	2	1	2000
213	4	44	4	6	0	2000	201	1895	NoChange	2	4	0	2000
213	4	45	4	2	0	2000	201	2023	NoChange	4	6	0	2000
213	4	46	4	4	0	2000	201	898	NoChange	4	2	0	2000
213	4	47	1	2	1	2000	202	562	718	4	4	0	2000
213	4	48	2	2	0	2000	201	1455	NoChange	1	2	1	2000
213	5	1	1	2	1	2000	202	522	723	0	0	0	
213	5	2	1	6	0	2000	201	1504	NoChange	1	2	1	2000
213	5	3	4	2	0	2000	201	1143	NoChange	1	6	0	2000
213	5	4	2	4	1	2000	202	3390	25	4	2	0	2000
213	5	5	3	4	0	2000	201	698	NoChange	2	4	1	2000
213	5	6	4	6	0	2000	212	769	NoChange	3	4	0	2000
213	5	7	4	4	1	2000	202	878	25	4	6	0	2000
213	5	8	2	2	1	2000	202	991	26	4	4	1	2000
213	5	9	1	2	0	2000	201	1210	NoChange	2	2	1	2000
213	5	10	4	2	1	2000	202	678	26	1	2	0	2000
213	5	11	4	6	0	2000	212	2670	NoChange	4	2	1	2000
213	5	12	2	6	1	2000	211	911	27	4	6	0	2000
213	5	13	2	6	1	2000	202	591	28	2	6	1	2000
213	5	14	2	2	1	2000	202	890	29	2	6	1	2000
213	5	15	4	4	0	2000	201	1330	NoChange	2	2	1	2000
213	5	16	3	2	0	2000	201	1009	NoChange	4	4	0	2000
213	5	17	1	6	1	2000	202	660	781	3	2	0	2000
213	5	18	4	2	1	2000	202	766	27	1	6	1	2000
213	5	19	3	6	1	2000	202	1842	25	4	2	1	2000
213	5	20	2	4	1	2000	202	780	30	3	6	1	2000
213	5	21	4	4	0	2000	201	1089	NoChange	2	4	1	2000
213	5	22	2	6	0	2000	201	2305	NoChange	4	4	0	2000
213	5	23	3	6	0	2000	212	2201	NoChange	2	6	0	2000
213	5	24	3	4	1	2000	202	1020	26	3	6	0	2000
213	5	25	3	4	1	2000	202	1167	27	3	4	1	2000
213	5	26	3	2	1	2000	202	1068	28	3	4	1	2000
213	5	27	3	6	1	2000	211	5092	29	3	2	1	2000
213	5	28	4	2	0	2000	201	2262	NoChange	3	6	1	2000
213	5	29	3	2	0	2000	201	1960	NoChange	4	2	0	2000
213	5	30	3	6	0	2000	201	1189	NoChange	3	2	0	2000
213	5	31	2	4	0	2000	201	2273	NoChange	3	6	0	2000
213	5	32	1	4	1	2000	202	618	837	2	4	0	2000
213	5	33	4	6	1	2000	202	1797	28	1	4	1	2000
213	5	34	2	6	0	2000	212	2089	NoChange	4	6	1	2000
213	5	35	4	6	1	2000	202	1801	29	2	6	0	2000
213	5	36	2	4	0	2000	212	2173	NoChange	4	6	1	2000
213	5	37	1	2	1	2000	202	634	860	2	4	0	2000
213	5	38	1	4	0	2000	201	908	NoChange	1	2	1	2000
213	5	39	4	4	1	2000	202	787	30	1	4	0	2000
213	5	40	1	6	1	2000	202	567	874	4	4	1	2000
213	5	41	2	2	0	2000	201	1571	NoChange	1	6	1	2000
213	5	42	3	4	0	2000	201	1352	NoChange	2	2	0	2000
213	5	43	3	2	1	2000	202	541	30	3	4	0	2000
213	5	44	1	6	0	2000	212	1595	NoChange	3	2	1	2000
213	5	45	1	4	1	2000	202	1199	892	1	6	0	2000
213	5	46	2	2	0	2000	201	2051	NoChange	1	4	1	2000
213	5	47	1	4	0	2000	201	828	NoChange	2	2	0	2000
213	5	48	1	2	0	2000	212	1007	NoChange	1	4	0	2000
213	6	1	4	2	1	2000	202	691	31	0	0	0	
213	6	2	3	6	1	2000	202	1843	31	4	2	1	2000
213	6	3	1	6	1	2000	202	749	913	3	6	1	2000
213	6	4	1	2	0	2000	201	939	NoChange	1	6	1	2000
213	6	5	2	4	0	2000	201	993	NoChange	1	2	0	2000
213	6	6	2	2	0	2000	201	909	NoChange	2	4	0	2000
213	6	7	3	2	1	2000	211	1420	32	2	2	0	2000
213	6	8	4	6	0	2000	201	1710	NoChange	3	2	1	2000
213	6	9	2	6	0	2000	201	830	NoChange	4	6	0	2000
213	6	10	2	6	1	2000	211	1337	31	2	6	0	2000
213	6	11	4	2	1	2000	202	551	32	2	6	1	2000
213	6	12	1	6	1	2000	202	1892	947	4	2	1	2000
213	6	13	2	4	1	2000	202	1572	32	1	6	1	2000
213	6	14	3	4	0	2000	201	809	NoChange	2	4	1	2000
213	6	15	1	2	1	2000	202	620	957	3	4	0	2000
213	6	16	1	4	0	2000	201	878	NoChange	1	2	1	2000
213	6	17	4	6	1	2000	202	1951	33	1	4	0	2000
213	6	18	3	2	0	2000	201	1093	NoChange	4	6	1	2000
213	6	19	2	2	0	2000	201	2077	NoChange	3	2	0	2000
213	6	20	3	2	0	2000	201	1126	NoChange	2	2	0	2000
213	6	21	1	4	1	2000	202	596	977	3	2	0	2000
213	6	22	4	4	0	2000	201	1216	NoChange	1	4	1	2000
213	6	23	1	2	1	2000	202	467	984	4	4	0	2000
213	6	24	3	4	0	2000	201	795	NoChange	1	2	1	2000
213	6	25	4	2	0	2000	201	887	NoChange	3	4	0	2000
213	6	26	2	4	1	2000	202	583	33	4	2	0	2000
213	6	27	3	6	0	2000	201	1035	NoChange	2	4	1	2000
213	6	28	2	6	0	2000	201	1053	NoChange	3	6	0	2000
213	6	29	1	2	0	2000	201	550	NoChange	2	6	0	2000
213	6	30	3	2	1	2000	202	883	33	1	2	0	2000
213	6	31	1	4	0	2000	201	707	NoChange	3	2	1	2000
213	6	32	1	4	1	2000	202	578	1017	1	4	0	2000
213	6	33	3	4	1	2000	202	558	34	1	4	1	2000
213	6	34	4	4	0	2000	201	804	NoChange	3	4	1	2000
213	6	35	3	6	1	2000	211	919	35	4	4	0	2000
213	6	36	4	4	1	2000	202	621	34	3	6	1	2000
213	6	37	3	4	1	2000	211	1328	36	4	4	1	2000
213	6	38	4	4	1	2000	202	655	35	3	4	1	2000
213	6	39	2	2	1	2000	202	520	34	4	4	1	2000
213	6	40	1	6	0	2000	201	1414	NoChange	2	2	1	2000
213	6	41	1	6	0	2000	201	633	NoChange	1	6	0	2000
213	6	42	4	6	1	2000	202	683	36	1	6	0	2000
213	6	43	4	2	0	2000	201	779	NoChange	4	6	1	2000
213	6	44	4	6	0	2000	212	4736	NoChange	4	2	0	2000
213	6	45	2	2	1	2000	202	5167	35	4	6	0	2000
213	6	46	2	6	1	2000	202	3541	36	2	2	1	2000
213	6	47	2	4	0	2000	201	636	NoChange	2	6	1	2000
213	6	48	3	6	0	2000	212	1726	NoChange	2	4	0	2000
213	7	1	4	2	0	2000	201	711	NoChange	0	0	0	
213	7	2	1	2	1	2000	202	583	1085	4	2	0	2000
213	7	3	2	4	1	2000	202	4770	37	1	2	1	2000
213	7	4	4	6	0	2000	201	2280	NoChange	2	4	1	2000
213	7	5	2	6	0	2000	212	4026	NoChange	4	6	0	2000
213	7	6	1	4	1	2000	202	613	1105	2	6	0	2000
213	7	7	1	6	0	2000	201	864	NoChange	1	4	1	2000
213	7	8	1	2	0	2000	201	1658	NoChange	1	6	0	2000
213	7	9	3	2	1	2000	202	971	37	1	2	0	2000
213	7	10	1	4	0	2000	212	2216	NoChange	3	2	1	2000
213	7	11	3	6	0	2000	201	6907	NoChange	1	4	0	2000
213	7	12	3	4	1	2000	211	700	38	3	6	0	2000
213	7	13	2	6	1	2000	202	572	38	3	4	1	2000
213	7	14	3	6	1	2000	211	2296	39	2	6	1	2000
213	7	15	1	6	1	2000	202	648	1144	3	6	1	2000
213	7	16	4	6	1	2000	202	1266	37	1	6	1	2000
213	7	17	1	6	0	2000	201	1122	NoChange	4	6	1	2000
213	7	18	3	2	0	2000	201	3649	NoChange	1	6	0	2000
213	7	19	3	2	1	2000	202	963	40	3	2	0	2000
213	7	20	2	4	0	2000	201	1608	NoChange	3	2	1	2000
213	7	21	1	4	1	2000	202	876	1167	2	4	0	2000
213	7	22	2	2	0	2000	201	909	NoChange	1	4	1	2000
213	7	23	2	6	0	2000	212	820	NoChange	2	2	0	2000
213	7	24	4	4	1	2000	202	2678	38	2	6	0	2000
213	7	25	2	2	1	2000	202	591	39	4	4	1	2000
213	7	26	2	2	1	2000	202	859	40	2	2	1	2000
213	7	27	2	2	0	2000	201	1044	NoChange	2	2	1	2000
213	7	28	3	6	0	2000	201	1526	NoChange	2	2	0	2000
213	7	29	1	4	0	2000	201	509	NoChange	3	6	0	2000
213	7	30	2	6	1	2000	211	612	41	1	4	0	2000
213	7	31	3	4	1	2000	202	911	41	2	6	1	2000
213	7	32	1	6	1	2000	202	807	1207	3	4	1	2000
213	7	33	2	4	0	2000	201	1090	NoChange	1	6	1	2000
213	7	34	4	4	0	2000	212	1234	NoChange	2	4	0	2000
213	7	35	4	6	1	2000	202	636	39	4	4	0	2000
213	7	36	3	2	0	2000	201	1062	NoChange	4	6	1	2000
213	7	37	4	2	0	2000	201	1151	NoChange	3	2	0	2000
213	7	38	2	4	1	2000	202	796	42	4	2	0	2000
213	7	39	4	4	1	2000	202	1904	40	2	4	1	2000
213	7	40	3	4	0	2000	212	4512	NoChange	4	4	1	2000
213	7	41	3	4	0	2000	201	688	NoChange	3	4	0	2000
213	7	42	1	2	0	2000	201	768	NoChange	3	4	0	2000
213	7	43	1	2	1	2000	202	501	1243	1	2	0	2000
213	7	44	4	6	0	2000	201	644	NoChange	1	2	1	2000
213	7	45	3	6	1	2000	202	726	42	4	6	0	2000
213	7	46	4	4	0	2000	201	1636	NoChange	3	6	1	2000
213	7	47	4	2	1	2000	202	390	41	4	4	0	2000
213	7	48	4	2	1	2000	202	714	42	4	2	1	2000
213	8	1	4	2	0	2000	201	880	NoChange	0	0	0	
213	8	2	2	6	1	2000	211	1400	43	4	2	0	2000
213	8	3	2	2	1	2000	211	2500	44	2	6	1	2000
213	8	4	2	6	0	2000	212	1444	NoChange	2	2	1	2000
213	8	5	3	6	0	2000	212	1382	NoChange	2	6	0	2000
213	8	6	3	2	1	2000	202	834	43	3	6	0	2000
213	8	7	2	4	0	2000	212	956	NoChange	3	2	1	2000
213	8	8	1	2	1	2000	202	673	1288	2	4	0	2000
213	8	9	4	4	0	2000	201	1577	NoChange	1	2	1	2000
213	8	10	2	4	1	2000	211	814	45	4	4	0	2000
213	8	11	3	6	0	2000	201	617	NoChange	2	4	1	2000
213	8	12	3	2	0	2000	201	908	NoChange	3	6	0	2000
213	8	13	4	6	1	2000	202	651	43	3	2	0	2000
213	8	14	2	2	1	2000	202	588	46	4	6	1	2000
213	8	15	1	6	0	2000	201	736	NoChange	2	2	1	2000
213	8	16	2	4	1	2000	202	598	47	1	6	0	2000
213	8	17	3	4	0	2000	201	625	NoChange	2	4	1	2000
213	8	18	1	4	0	2000	201	1764	NoChange	3	4	0	2000
213	8	19	3	4	1	2000	211	642	44	1	4	0	2000
213	8	20	2	6	0	2000	201	627	NoChange	3	4	1	2000
213	8	21	1	6	1	2000	202	670	1342	2	6	0	2000
213	8	22	1	2	0	2000	201	902	NoChange	1	6	1	2000
213	8	23	2	2	0	2000	201	1534	NoChange	1	2	0	2000
213	8	24	4	4	1	2000	202	1308	44	2	2	0	2000
213	8	25	1	2	1	2000	202	483	1352	4	4	1	2000
213	8	26	1	6	0	2000	201	859	NoChange	1	2	1	2000
213	8	27	3	6	1	2000	202	612	45	1	6	0	2000
213	8	28	4	2	1	2000	202	823	45	3	6	1	2000
213	8	29	4	4	1	2000	202	506	46	4	2	1	2000
213	8	30	4	6	0	2000	201	641	NoChange	4	4	1	2000
213	8	31	2	6	1	2000	202	1098	48	4	6	0	2000
213	8	32	3	6	1	2000	211	882	46	2	6	1	2000
213	8	33	4	4	0	2000	201	754	NoChange	3	6	1	2000
213	8	34	4	2	1	2000	202	535	47	4	4	0	2000
213	8	35	2	4	0	2000	201	653	NoChange	4	2	1	2000
213	8	36	4	6	1	2000	202	694	48	2	4	0	2000
213	8	37	3	4	0	2000	201	1190	NoChange	4	6	1	2000
213	8	38	4	6	0	2000	201	666	NoChange	3	4	0	2000
213	8	39	1	2	0	2000	201	626	NoChange	4	6	0	2000
213	8	40	1	4	1	2000	202	556	1414	1	2	0	2000
213	8	41	1	6	1	2000	202	1394	1421	1	4	1	2000
213	8	42	1	4	0	2000	201	598	NoChange	1	6	1	2000
213	8	43	2	2	0	2000	201	865	NoChange	1	4	0	2000
213	8	44	3	2	0	2000	201	674	NoChange	2	2	0	2000
213	8	45	1	4	1	2000	202	466	1434	3	2	0	2000
213	8	46	3	4	1	2000	211	603	47	1	4	1	2000
213	8	47	3	2	1	2000	202	1262	48	3	4	1	2000
213	8	48	4	2	0	2000	201	903	NoChange	3	2	1	2000
213	9	1	2	2	0	2000	201	859	NoChange	0	0	0	
213	9	2	2	2	0	2000	201	1748	NoChange	2	2	0	2000
213	9	3	3	2	0	2000	201	1378	NoChange	2	2	0	2000
213	9	4	4	6	0	2000	212	854	NoChange	3	2	0	2000
213	9	5	2	2	1	2000	211	543	49	4	6	0	2000
213	9	6	1	2	0	2000	201	1069	NoChange	2	2	1	2000
213	9	7	4	4	0	2000	201	2022	NoChange	1	2	0	2000
213	9	8	4	2	1	2000	202	529	49	4	4	0	2000
213	9	9	3	6	1	2000	202	1151	49	4	2	1	2000
213	9	10	4	2	0	2000	201	1261	NoChange	3	6	1	2000
213	9	11	3	6	0	2000	201	1446	NoChange	4	2	0	2000
213	9	12	3	4	0	2000	201	856	NoChange	3	6	0	2000
213	9	13	4	2	0	2000	201	937	NoChange	3	4	0	2000
213	9	14	3	4	1	2000	202	1335	50	4	2	0	2000
213	9	15	4	4	1	2000	202	997	50	3	4	1	2000
213	9	16	2	2	1	2000	202	721	50	4	4	1	2000
213	9	17	1	2	1	2000	202	760	1489	2	2	1	2000
213	9	18	2	6	0	2000	212	765	NoChange	1	2	1	2000
213	9	19	3	4	1	2000	211	1225	51	2	6	0	2000
213	9	20	1	4	0	2000	201	644	NoChange	3	4	1	2000
213	9	21	4	6	0	2000	212	854	NoChange	1	4	0	2000
213	9	22	4	6	1	2000	202	1535	51	4	6	0	2000
213	9	23	1	4	1	2000	202	741	1518	4	6	1	2000
213	9	24	3	4	0	2000	201	1643	NoChange	1	4	1	2000
213	9	25	3	2	1	2000	202	973	52	3	4	0	2000
213	9	26	4	4	0	2000	201	2274	NoChange	3	2	1	2000
213	9	27	1	6	1	2000	202	523	1534	4	4	0	2000
213	9	28	2	6	0	2000	212	753	NoChange	1	6	1	2000
213	9	29	3	6	0	2000	201	1271	NoChange	2	6	0	2000
213	9	30	4	4	1	2000	202	3327	52	3	6	0	2000
213	9	31	2	4	1	2000	202	1255	51	4	4	1	2000
213	9	32	2	4	0	2000	201	1152	NoChange	2	4	1	2000
213	9	33	1	4	0	2000	201	1061	NoChange	2	4	0	2000
213	9	34	2	6	1	2000	211	3407	52	1	4	0	2000
213	9	35	4	2	1	2000	202	923	53	2	6	1	2000
213	9	36	1	4	1	2000	202	721	1571	4	2	1	2000
213	9	37	3	2	0	2000	201	632	NoChange	1	4	1	2000
213	9	38	2	4	1	2000	202	482	53	3	2	0	2000
213	9	39	1	6	0	2000	201	929	NoChange	2	4	1	2000
213	9	40	1	6	1	2000	202	784	1589	1	6	0	2000
213	9	41	3	6	1	2000	211	884	53	1	6	1	2000
213	9	42	2	6	1	2000	202	588	54	3	6	1	2000
213	9	43	3	2	1	2000	202	1384	54	2	6	1	2000
213	9	44	1	6	0	2000	201	524	NoChange	3	2	1	2000
213	9	45	1	2	0	2000	201	882	NoChange	1	6	0	2000
213	9	46	1	2	1	2000	202	610	1611	1	2	0	2000
213	9	47	2	4	0	2000	201	1253	NoChange	1	2	1	2000
213	9	48	4	6	1	2000	202	750	54	2	4	0	2000
213	10	1	1	4	0	2000	201	581	NoChange	0	0	0	
213	10	2	4	4	1	2000	211	922	55	1	4	0	2000
213	10	3	1	6	1	2000	202	656	1634	4	4	1	2000
213	10	4	2	2	0	2000	201	713	NoChange	1	6	1	2000
213	10	5	2	6	1	2000	211	1193	55	2	2	0	2000
213	10	6	3	6	0	2000	201	685	NoChange	2	6	1	2000
213	10	7	3	4	0	2000	201	1140	NoChange	3	6	0	2000
213	10	8	1	6	1	2000	202	642	1658	3	4	0	2000
213	10	9	4	6	1	2000	202	700	56	1	6	1	2000
213	10	10	1	2	1	2000	202	1059	1666	4	6	1	2000
213	10	11	3	4	1	2000	202	1285	55	1	2	1	2000
213	10	12	3	2	1	2000	202	1365	56	3	4	1	2000
213	10	13	3	4	1	2000	202	665	57	3	2	1	2000
213	10	14	1	2	1	2000	202	514	1676	3	4	1	2000
213	10	15	2	4	0	2000	201	561	NoChange	1	2	1	2000
213	10	16	3	2	0	2000	201	990	NoChange	2	4	0	2000
213	10	17	4	2	1	2000	202	658	57	3	2	0	2000
213	10	18	2	2	1	2000	202	643	56	4	2	1	2000
213	10	19	4	2	1	2000	202	693	58	2	2	1	2000
213	10	20	1	4	0	2000	201	3109	NoChange	4	2	1	2000
213	10	21	2	4	1	2000	202	589	57	1	4	0	2000
213	10	22	3	6	1	2000	202	1409	58	2	4	1	2000
213	10	23	3	2	1	2000	202	1244	59	3	6	1	2000
213	10	24	2	6	1	2000	202	526	58	3	2	1	2000
213	10	25	3	6	1	2000	211	2700	60	2	6	1	2000
213	10	26	4	2	0	2000	201	1444	NoChange	3	6	1	2000
213	10	27	3	2	0	2000	201	1270	NoChange	4	2	0	2000
213	10	28	4	6	0	2000	201	1239	NoChange	3	2	0	2000
213	10	29	4	4	1	2000	202	761	59	4	6	0	2000
213	10	30	4	6	0	2000	201	902	NoChange	4	4	1	2000
213	10	31	4	4	0	2000	201	2454	NoChange	4	6	0	2000
213	10	32	2	2	0	2000	201	1135	NoChange	4	4	0	2000
213	10	33	2	2	1	2000	202	837	59	2	2	0	2000
213	10	34	4	6	1	2000	202	1935	60	2	2	1	2000
213	10	35	2	4	0	2000	201	806	NoChange	4	6	1	2000
213	10	36	4	4	0	2000	201	721	NoChange	2	4	0	2000
213	10	37	1	2	0	2000	201	991	NoChange	4	4	0	2000
213	10	38	3	4	0	2000	201	723	NoChange	1	2	0	2000
213	10	39	1	6	0	2000	212	3578	NoChange	3	4	0	2000
213	10	40	2	4	1	2000	202	1127	60	1	6	0	2000
213	10	41	1	4	1	2000	202	958	1767	2	4	1	2000
213	10	42	3	6	0	2000	212	3531	NoChange	1	4	1	2000
213	10	43	2	6	0	2000	201	794	NoChange	3	6	0	2000
213	10	44	4	2	0	2000	201	550	NoChange	2	6	0	2000
213	10	45	1	4	1	2000	202	619	1786	4	2	0	2000
213	10	46	1	6	0	2000	201	902	NoChange	1	4	1	2000
213	10	47	2	6	0	2000	201	1069	NoChange	1	6	0	2000
213	10	48	1	2	0	2000	201	613	NoChange	2	6	0	2000
213	11	1	4	4	0	2000	212	1034	NoChange	0	0	0	
213	11	2	1	2	0	2000	201	1604	NoChange	4	4	0	2000
213	11	3	2	6	0	2000	201	2623	NoChange	1	2	0	2000
213	11	4	1	4	0	2000	201	1067	NoChange	2	6	0	2000
213	11	5	1	6	0	2000	201	787	NoChange	1	4	0	2000
213	11	6	4	2	1	2000	202	655	61	1	6	0	2000
213	11	7	1	6	0	2000	201	832	NoChange	4	2	1	2000
213	11	8	3	2	0	2000	201	842	NoChange	1	6	0	2000
213	11	9	3	6	0	2000	212	580	NoChange	3	2	0	2000
213	11	10	4	2	0	2000	201	808	NoChange	3	6	0	2000
213	11	11	2	6	0	2000	201	1772	NoChange	4	2	0	2000
213	11	12	4	4	1	2000	202	584	62	2	6	0	2000
213	11	13	4	6	1	2000	211	1492	63	4	4	1	2000
213	11	14	4	6	1	2000	211	716	64	4	6	1	2000
213	11	15	2	2	0	2000	201	1027	NoChange	4	6	1	2000
213	11	16	3	4	0	2000	201	581	NoChange	2	2	0	2000
213	11	17	1	4	0	2000	201	538	NoChange	3	4	0	2000
213	11	18	3	2	1	2000	202	640	61	1	4	0	2000
213	11	19	2	4	0	2000	201	593	NoChange	3	2	1	2000
213	11	20	4	6	0	2000	201	525	NoChange	2	4	0	2000
213	11	21	3	4	1	2000	211	780	62	4	6	0	2000
213	11	22	2	4	1	2000	202	472	61	3	4	1	2000
213	11	23	2	2	1	2000	202	1761	62	2	4	1	2000
213	11	24	2	4	0	2000	201	1638	NoChange	2	2	1	2000
213	11	25	4	6	0	2000	201	1128	NoChange	2	4	0	2000
213	11	26	3	4	0	2000	201	855	NoChange	4	6	0	2000
213	11	27	3	2	0	2000	201	944	NoChange	3	4	0	2000
213	11	28	1	2	1	2000	202	590	1905	3	2	0	2000
213	11	29	4	2	1	2000	202	946	65	1	2	1	2000
213	11	30	2	6	1	2000	202	792	63	4	2	1	2000
213	11	31	1	2	0	2000	201	2076	NoChange	2	6	1	2000
213	11	32	1	6	1	2000	202	749	1920	1	2	0	2000
213	11	33	3	6	1	2000	202	1682	63	1	6	1	2000
213	11	34	1	4	1	2000	202	578	1930	3	6	1	2000
213	11	35	3	4	1	2000	202	1030	64	1	4	1	2000
213	11	36	1	2	1	2000	202	617	1936	3	4	1	2000
213	11	37	2	4	1	2000	202	1115	64	1	2	1	2000
213	11	38	2	6	1	2000	211	1146	65	2	4	1	2000
213	11	39	2	2	0	2000	201	1056	NoChange	2	6	1	2000
213	11	40	4	4	0	2000	201	681	NoChange	2	2	0	2000
213	11	41	3	2	1	2000	202	818	65	4	4	0	2000
213	11	42	1	4	1	2000	202	764	1956	3	2	1	2000
213	11	43	2	2	1	2000	202	1762	66	1	4	1	2000
213	11	44	4	2	0	2000	201	943	NoChange	2	2	1	2000
213	11	45	3	6	1	2000	202	2221	66	4	2	0	2000
213	11	46	3	6	0	2000	201	912	NoChange	3	6	1	2000
213	11	47	1	6	1	2000	202	543	1977	3	6	0	2000
213	11	48	4	4	1	2000	202	2325	66	1	6	1	2000
213	12	1	2	2	1	2000	202	1731	67	0	0	0	
213	12	2	4	2	1	2000	202	842	67	2	2	1	2000
213	12	3	2	4	0	2000	201	1331	NoChange	4	2	1	2000
213	12	4	4	4	0	2000	201	961	NoChange	2	4	0	2000
213	12	5	3	6	1	2000	211	927	67	4	4	0	2000
213	12	6	3	6	0	2000	201	925	NoChange	3	6	1	2000
213	12	7	2	4	1	2000	202	572	68	3	6	0	2000
213	12	8	1	2	0	2000	201	1504	NoChange	2	4	1	2000
213	12	9	4	4	0	2000	201	4984	NoChange	1	2	0	2000
213	12	10	1	2	1	2000	202	525	2013	4	4	0	2000
213	12	11	1	4	0	2000	212	1572	NoChange	1	2	1	2000
213	12	12	2	2	0	2000	201	560	NoChange	1	4	0	2000
213	12	13	1	4	1	2000	202	662	2024	2	2	0	2000
213	12	14	2	6	1	2000	211	863	69	1	4	1	2000
213	12	15	4	2	0	2000	201	840	NoChange	2	6	1	2000
213	12	16	4	4	1	2000	202	530	68	4	2	0	2000
213	12	17	3	4	1	2000	211	2752	68	4	4	1	2000
213	12	18	4	4	1	2000	202	630	69	3	4	1	2000
213	12	19	2	6	0	2000	201	1137	NoChange	4	4	1	2000
213	12	20	3	4	0	2000	201	943	NoChange	2	6	0	2000
213	12	21	1	2	0	2000	201	925	NoChange	3	4	0	2000
213	12	22	3	2	1	2000	202	459	69	1	2	0	2000
213	12	23	2	6	0	2000	201	860	NoChange	3	2	1	2000
213	12	24	1	2	1	2000	202	549	2062	2	6	0	2000
213	12	25	1	6	0	2000	201	1130	NoChange	1	2	1	2000
213	12	26	3	2	0	2000	201	793	NoChange	1	6	0	2000
213	12	27	4	2	0	2000	201	1029	NoChange	3	2	0	2000
213	12	28	4	6	0	2000	201	1335	NoChange	4	2	0	2000
213	12	29	3	4	0	2000	201	646	NoChange	4	6	0	2000
213	12	30	4	6	0	2000	201	1447	NoChange	3	4	0	2000
213	12	31	2	2	0	2000	201	769	NoChange	4	6	0	2000
213	12	32	1	6	1	2000	202	982	2097	2	2	0	2000
213	12	33	1	6	0	2000	201	906	NoChange	1	6	1	2000
213	12	34	1	4	0	2000	201	2337	NoChange	1	6	0	2000
213	12	35	3	2	1	2000	202	2920	70	1	4	0	2000
213	12	36	2	2	1	2000	202	527	70	3	2	1	2000
213	12	37	3	4	1	2000	202	485	71	2	2	1	2000
213	12	38	1	6	1	2000	202	901	2119	3	4	1	2000
213	12	39	4	6	1	2000	202	732	70	1	6	1	2000
213	12	40	2	4	1	2000	202	842	71	4	6	1	2000
213	12	41	3	2	0	2000	201	772	NoChange	2	4	1	2000
213	12	42	4	6	1	2000	202	841	71	3	2	0	2000
213	12	43	1	4	1	2000	202	1810	2139	4	6	1	2000
213	12	44	2	6	1	2000	202	1766	72	1	4	1	2000
213	12	45	2	4	0	2000	201	1443	NoChange	2	6	1	2000
213	12	46	4	2	1	2000	202	573	72	2	4	0	2000
213	12	47	3	6	1	2000	202	785	72	4	2	1	2000
213	12	48	3	6	0	2000	201	1165	NoChange	3	6	1	2000
