#subject	block	trial	condition	setsize	change	time	responses	time	Pic	prev_condition	prev_setsize	prev_change	prev_time
106	1	1	4	6	0	2000	212	972	NoChange	0	0	0	
106	1	2	2	2	0	2000	201	672	NoChange	4	6	0	2000
106	1	3	4	4	0	2000	201	720	NoChange	2	2	0	2000
106	1	4	4	4	1	2000	202	623	1	4	4	0	2000
106	1	5	1	2	0	2000	201	921	NoChange	4	4	1	2000
106	1	6	1	2	0	2000	201	647	NoChange	1	2	0	2000
106	1	7	4	2	0	2000	201	449	NoChange	1	2	0	2000
106	1	8	3	4	1	2000	202	706	1	4	2	0	2000
106	1	9	2	4	0	2000	212	1233	NoChange	3	4	1	2000
106	1	10	4	2	0	2000	201	459	NoChange	2	4	0	2000
106	1	11	3	6	1	2000	202	1148	2	4	2	0	2000
106	1	12	2	6	1	2000	202	665	1	3	6	1	2000
106	1	13	4	6	0	2000	201	930	NoChange	2	6	1	2000
106	1	14	2	4	1	2000	202	569	2	4	6	0	2000
106	1	15	3	4	0	2000	201	589	NoChange	2	4	1	2000
106	1	16	1	6	0	2000	212	1264	NoChange	3	4	0	2000
106	1	17	4	6	1	2000	202	601	2	1	6	0	2000
106	1	18	3	2	0	2000	201	652	NoChange	4	6	1	2000
106	1	19	1	2	1	2000	202	549	69	3	2	0	2000
106	1	20	2	4	1	2000	202	954	3	1	2	1	2000
106	1	21	2	2	0	2000	201	687	NoChange	2	4	1	2000
106	1	22	2	6	0	2000	201	638	NoChange	2	2	0	2000
106	1	23	1	4	1	2000	202	520	85	2	6	0	2000
106	1	24	3	4	0	2000	201	566	NoChange	1	4	1	2000
106	1	25	3	6	0	2000	201	2179	NoChange	3	4	0	2000
106	1	26	1	4	0	2000	201	887	NoChange	3	6	0	2000
106	1	27	1	2	1	2000	202	599	102	1	4	0	2000
106	1	28	3	2	1	2000	202	706	3	1	2	1	2000
106	1	29	4	2	1	2000	202	537	3	3	2	1	2000
106	1	30	2	6	0	2000	212	934	NoChange	4	2	1	2000
106	1	31	2	6	1	2000	202	700	4	2	6	0	2000
106	1	32	1	6	1	2000	202	547	122	2	6	1	2000
106	1	33	4	6	1	2000	202	793	4	1	6	1	2000
106	1	34	1	6	1	2000	202	1116	134	4	6	1	2000
106	1	35	3	6	0	2000	201	746	NoChange	1	6	1	2000
106	1	36	3	6	1	2000	211	1280	4	3	6	0	2000
106	1	37	2	4	0	2000	201	633	NoChange	3	6	1	2000
106	1	38	2	2	1	2000	202	682	5	2	4	0	2000
106	1	39	3	4	1	2000	211	906	5	2	2	1	2000
106	1	40	4	4	1	2000	202	905	5	3	4	1	2000
106	1	41	3	2	1	2000	211	848	6	4	4	1	2000
106	1	42	4	2	1	2000	202	618	6	3	2	1	2000
106	1	43	2	2	1	2000	202	476	6	4	2	1	2000
106	1	44	1	4	0	2000	201	820	NoChange	2	2	1	2000
106	1	45	3	2	0	2000	201	847	NoChange	1	4	0	2000
106	1	46	4	4	0	2000	201	616	NoChange	3	2	0	2000
106	1	47	1	6	0	2000	201	522	NoChange	4	4	0	2000
106	1	48	1	4	1	2000	202	736	180	1	6	0	2000
106	2	1	2	6	1	2000	202	1091	7	0	0	0	
106	2	2	2	6	0	2000	212	1419	NoChange	2	6	1	2000
106	2	3	4	4	0	2000	201	2813	NoChange	2	6	0	2000
106	2	4	4	4	1	2000	202	913	7	4	4	0	2000
106	2	5	2	2	0	2000	201	752	NoChange	4	4	1	2000
106	2	6	3	2	0	2000	201	533	NoChange	2	2	0	2000
106	2	7	1	2	0	2000	201	578	NoChange	3	2	0	2000
106	2	8	4	6	0	2000	201	455	NoChange	1	2	0	2000
106	2	9	1	2	0	2000	201	527	NoChange	4	6	0	2000
106	2	10	1	4	1	2000	202	661	217	1	2	0	2000
106	2	11	3	6	1	2000	202	2814	7	1	4	1	2000
106	2	12	1	2	1	2000	202	706	225	3	6	1	2000
106	2	13	3	6	0	2000	201	481	NoChange	1	2	1	2000
106	2	14	2	4	0	2000	201	905	NoChange	3	6	0	2000
106	2	15	4	6	0	2000	201	584	NoChange	2	4	0	2000
106	2	16	3	2	1	2000	202	779	8	4	6	0	2000
106	2	17	2	2	1	2000	202	712	8	3	2	1	2000
106	2	18	3	2	0	2000	201	1407	NoChange	2	2	1	2000
106	2	19	1	4	0	2000	201	882	NoChange	3	2	0	2000
106	2	20	2	6	0	2000	201	634	NoChange	1	4	0	2000
106	2	21	1	4	1	2000	202	732	260	2	6	0	2000
106	2	22	4	2	1	2000	202	786	8	1	4	1	2000
106	2	23	2	4	0	2000	201	485	NoChange	4	2	1	2000
106	2	24	1	6	0	2000	201	669	NoChange	2	4	0	2000
106	2	25	3	2	1	2000	202	773	9	1	6	0	2000
106	2	26	3	4	0	2000	201	673	NoChange	3	2	1	2000
106	2	27	4	4	1	2000	202	594	9	3	4	0	2000
106	2	28	3	6	0	2000	201	1189	NoChange	4	4	1	2000
106	2	29	3	6	1	2000	211	1025	10	3	6	0	2000
106	2	30	3	4	1	2000	202	723	11	3	6	1	2000
106	2	31	1	6	0	2000	201	1234	NoChange	3	4	1	2000
106	2	32	4	2	0	2000	201	651	NoChange	1	6	0	2000
106	2	33	1	6	1	2000	202	756	308	4	2	0	2000
106	2	34	2	6	1	2000	202	617	9	1	6	1	2000
106	2	35	2	4	1	2000	211	1356	10	2	6	1	2000
106	2	36	2	4	1	2000	211	793	11	2	4	1	2000
106	2	37	2	2	1	2000	202	989	12	2	4	1	2000
106	2	38	4	6	1	2000	202	817	10	2	2	1	2000
106	2	39	3	4	0	2000	201	755	NoChange	4	6	1	2000
106	2	40	2	2	0	2000	201	728	NoChange	3	4	0	2000
106	2	41	4	6	1	2000	202	686	11	2	2	0	2000
106	2	42	1	4	0	2000	201	661	NoChange	4	6	1	2000
106	2	43	4	4	0	2000	201	638	NoChange	1	4	0	2000
106	2	44	1	6	1	2000	202	1440	351	4	4	0	2000
106	2	45	3	4	1	2000	211	1321	12	1	6	1	2000
106	2	46	4	2	1	2000	202	1409	12	3	4	1	2000
106	2	47	1	2	1	2000	202	876	358	4	2	1	2000
106	2	48	4	2	0	2000	201	597	NoChange	1	2	1	2000
106	3	1	3	2	0	2000	201	954	NoChange	0	0	0	
106	3	2	3	6	0	2000	201	710	NoChange	3	2	0	2000
106	3	3	1	6	1	2000	202	1541	375	3	6	0	2000
106	3	4	4	2	0	2000	201	1027	NoChange	1	6	1	2000
106	3	5	3	4	0	2000	201	886	NoChange	4	2	0	2000
106	3	6	4	6	1	2000	202	878	13	3	4	0	2000
106	3	7	3	2	1	2000	202	814	13	4	6	1	2000
106	3	8	2	2	0	2000	201	1273	NoChange	3	2	1	2000
106	3	9	4	4	1	2000	202	1274	14	2	2	0	2000
106	3	10	4	2	1	2000	202	811	15	4	4	1	2000
106	3	11	1	2	0	2000	201	589	NoChange	4	2	1	2000
106	3	12	4	4	0	2000	201	729	NoChange	1	2	0	2000
106	3	13	3	4	1	2000	202	1047	14	4	4	0	2000
106	3	14	2	6	0	2000	201	1425	NoChange	3	4	1	2000
106	3	15	4	2	0	2000	201	1172	NoChange	2	6	0	2000
106	3	16	2	4	1	2000	202	1016	13	4	2	0	2000
106	3	17	4	6	0	2000	212	962	NoChange	2	4	1	2000
106	3	18	3	4	0	2000	201	1328	NoChange	4	6	0	2000
106	3	19	2	4	0	2000	201	566	NoChange	3	4	0	2000
106	3	20	4	6	0	2000	201	852	NoChange	2	4	0	2000
106	3	21	1	6	0	2000	201	1092	NoChange	4	6	0	2000
106	3	22	1	6	0	2000	201	1477	NoChange	1	6	0	2000
106	3	23	2	6	0	2000	201	1309	NoChange	1	6	0	2000
106	3	24	4	4	1	2000	202	1116	16	2	6	0	2000
106	3	25	1	4	1	2000	202	906	459	4	4	1	2000
106	3	26	2	2	1	2000	202	961	14	1	4	1	2000
106	3	27	2	6	1	2000	202	1167	15	2	2	1	2000
106	3	28	2	2	0	2000	201	1563	NoChange	2	6	1	2000
106	3	29	3	4	1	2000	202	1088	15	2	2	0	2000
106	3	30	1	2	1	2000	202	1112	473	3	4	1	2000
106	3	31	1	2	1	2000	202	1119	476	1	2	1	2000
106	3	32	4	6	1	2000	202	1142	17	1	2	1	2000
106	3	33	1	4	0	2000	201	1115	NoChange	4	6	1	2000
106	3	34	4	4	0	2000	201	898	NoChange	1	4	0	2000
106	3	35	1	2	0	2000	201	1130	NoChange	4	4	0	2000
106	3	36	2	4	0	2000	201	2192	NoChange	1	2	0	2000
106	3	37	1	4	0	2000	201	740	NoChange	2	4	0	2000
106	3	38	3	2	1	2000	202	1034	16	1	4	0	2000
106	3	39	3	6	0	2000	201	836	NoChange	3	2	1	2000
106	3	40	2	6	1	2000	202	694	16	3	6	0	2000
106	3	41	4	2	1	2000	202	1094	18	2	6	1	2000
106	3	42	3	6	1	2000	211	1710	17	4	2	1	2000
106	3	43	3	2	0	2000	201	686	NoChange	3	6	1	2000
106	3	44	1	6	1	2000	202	742	526	3	2	0	2000
106	3	45	2	4	1	2000	211	2891	17	1	6	1	2000
106	3	46	2	2	1	2000	202	780	18	2	4	1	2000
106	3	47	1	4	1	2000	202	472	535	2	2	1	2000
106	3	48	3	6	1	2000	202	1241	18	1	4	1	2000
106	4	1	1	6	1	2000	202	1047	547	0	0	0	
106	4	2	1	6	1	2000	202	577	554	1	6	1	2000
106	4	3	2	2	1	2000	202	598	19	1	6	1	2000
106	4	4	3	4	0	2000	201	657	NoChange	2	2	1	2000
106	4	5	4	4	1	2000	202	658	19	3	4	0	2000
106	4	6	1	6	0	2000	212	596	NoChange	4	4	1	2000
106	4	7	3	6	1	2000	202	1016	19	1	6	0	2000
106	4	8	4	4	0	2000	201	1043	NoChange	3	6	1	2000
106	4	9	3	6	1	2000	202	533	20	4	4	0	2000
106	4	10	1	2	1	2000	202	498	585	3	6	1	2000
106	4	11	1	4	0	2000	201	882	NoChange	1	2	1	2000
106	4	12	2	6	1	2000	202	780	20	1	4	0	2000
106	4	13	2	4	1	2000	202	905	21	2	6	1	2000
106	4	14	4	2	1	2000	202	640	20	2	4	1	2000
106	4	15	3	4	1	2000	202	617	21	4	2	1	2000
106	4	16	1	2	1	2000	211	1724	604	3	4	1	2000
106	4	17	3	4	1	2000	202	1260	22	1	2	1	2000
106	4	18	1	2	0	2000	201	1101	NoChange	3	4	1	2000
106	4	19	3	2	1	2000	202	1076	23	1	2	0	2000
106	4	20	3	6	0	2000	201	1812	NoChange	3	2	1	2000
106	4	21	2	6	0	2000	201	721	NoChange	3	6	0	2000
106	4	22	4	2	0	2000	201	606	NoChange	2	6	0	2000
106	4	23	1	4	1	2000	202	818	629	4	2	0	2000
106	4	24	4	6	0	2000	201	1220	NoChange	1	4	1	2000
106	4	25	4	4	0	2000	201	1048	NoChange	4	6	0	2000
106	4	26	2	6	0	2000	212	754	NoChange	4	4	0	2000
106	4	27	3	4	0	2000	201	776	NoChange	2	6	0	2000
106	4	28	3	2	0	2000	201	869	NoChange	3	4	0	2000
106	4	29	2	4	0	2000	201	591	NoChange	3	2	0	2000
106	4	30	2	2	0	2000	201	716	NoChange	2	4	0	2000
106	4	31	2	4	1	2000	202	700	22	2	2	0	2000
106	4	32	2	6	1	2000	211	2138	23	2	4	1	2000
106	4	33	2	2	0	2000	201	801	NoChange	2	6	1	2000
106	4	34	4	6	1	2000	202	717	21	2	2	0	2000
106	4	35	4	2	1	2000	202	571	22	4	6	1	2000
106	4	36	1	6	0	2000	212	1488	NoChange	4	2	1	2000
106	4	37	4	4	1	2000	202	689	23	1	6	0	2000
106	4	38	3	2	1	2000	202	738	24	4	4	1	2000
106	4	39	3	6	0	2000	201	816	NoChange	3	2	1	2000
106	4	40	4	2	0	2000	201	587	NoChange	3	6	0	2000
106	4	41	4	6	0	2000	201	1447	NoChange	4	2	0	2000
106	4	42	3	2	0	2000	201	561	NoChange	4	6	0	2000
106	4	43	4	6	1	2000	202	631	24	3	2	0	2000
106	4	44	2	2	1	2000	202	555	24	4	6	1	2000
106	4	45	2	4	0	2000	212	1719	NoChange	2	2	1	2000
106	4	46	1	4	1	2000	202	591	714	2	4	0	2000
106	4	47	1	4	0	2000	201	570	NoChange	1	4	1	2000
106	4	48	1	2	0	2000	201	750	NoChange	1	4	0	2000
106	5	1	3	4	1	2000	202	719	25	0	0	0	
106	5	2	4	6	1	2000	202	502	25	3	4	1	2000
106	5	3	3	6	1	2000	211	918	26	4	6	1	2000
106	5	4	4	4	0	2000	201	893	NoChange	3	6	1	2000
106	5	5	2	6	0	2000	201	1118	NoChange	4	4	0	2000
106	5	6	1	6	0	2000	201	877	NoChange	2	6	0	2000
106	5	7	1	2	0	2000	201	1093	NoChange	1	6	0	2000
106	5	8	3	4	0	2000	201	1301	NoChange	1	2	0	2000
106	5	9	1	2	1	2000	202	750	758	3	4	0	2000
106	5	10	1	2	1	2000	202	738	761	1	2	1	2000
106	5	11	1	6	1	2000	202	825	768	1	2	1	2000
106	5	12	2	2	1	2000	202	620	25	1	6	1	2000
106	5	13	1	4	1	2000	202	967	774	2	2	1	2000
106	5	14	4	2	0	2000	201	1276	NoChange	1	4	1	2000
106	5	15	3	2	1	2000	211	893	27	4	2	0	2000
106	5	16	1	6	1	2000	202	783	784	3	2	1	2000
106	5	17	2	4	0	2000	201	1042	NoChange	1	6	1	2000
106	5	18	1	2	0	2000	201	700	NoChange	2	4	0	2000
106	5	19	3	2	0	2000	201	588	NoChange	1	2	0	2000
106	5	20	2	2	0	2000	201	663	NoChange	3	2	0	2000
106	5	21	1	6	0	2000	201	593	NoChange	2	2	0	2000
106	5	22	3	2	1	2000	202	860	28	1	6	0	2000
106	5	23	4	2	1	2000	202	520	26	3	2	1	2000
106	5	24	4	6	1	2000	202	598	27	4	2	1	2000
106	5	25	4	4	1	2000	202	778	28	4	6	1	2000
106	5	26	3	4	1	2000	211	718	29	4	4	1	2000
106	5	27	3	6	0	2000	212	3166	NoChange	3	4	1	2000
106	5	28	4	6	0	2000	201	812	NoChange	3	6	0	2000
106	5	29	1	4	1	2000	202	576	830	4	6	0	2000
106	5	30	3	4	0	2000	201	613	NoChange	1	4	1	2000
106	5	31	2	6	1	2000	202	695	26	3	4	0	2000
106	5	32	3	2	0	2000	201	640	NoChange	2	6	1	2000
106	5	33	2	2	0	2000	201	675	NoChange	3	2	0	2000
106	5	34	4	4	0	2000	201	772	NoChange	2	2	0	2000
106	5	35	2	4	1	2000	202	674	27	4	4	0	2000
106	5	36	4	6	0	2000	201	1083	NoChange	2	4	1	2000
106	5	37	2	4	0	2000	201	586	NoChange	4	6	0	2000
106	5	38	2	6	1	2000	202	1542	28	2	4	0	2000
106	5	39	4	2	1	2000	202	685	29	2	6	1	2000
106	5	40	2	6	0	2000	201	1638	NoChange	4	2	1	2000
106	5	41	2	2	1	2000	202	640	29	2	6	0	2000
106	5	42	2	4	1	2000	202	539	30	2	2	1	2000
106	5	43	4	2	0	2000	201	801	NoChange	2	4	1	2000
106	5	44	4	4	1	2000	202	686	30	4	2	0	2000
106	5	45	1	4	0	2000	201	957	NoChange	4	4	1	2000
106	5	46	1	4	0	2000	201	731	NoChange	1	4	0	2000
106	5	47	3	6	1	2000	211	728	30	1	4	0	2000
106	5	48	3	6	0	2000	212	1306	NoChange	3	6	1	2000
106	6	1	1	2	0	2000	201	1697	NoChange	0	0	0	
106	6	2	1	6	1	2000	202	815	909	1	2	0	2000
106	6	3	3	6	1	2000	211	1669	31	1	6	1	2000
106	6	4	3	6	0	2000	201	703	NoChange	3	6	1	2000
106	6	5	2	2	0	2000	201	590	NoChange	3	6	0	2000
106	6	6	2	6	0	2000	212	1011	NoChange	2	2	0	2000
106	6	7	1	4	0	2000	201	710	NoChange	2	6	0	2000
106	6	8	3	2	0	2000	201	1805	NoChange	1	4	0	2000
106	6	9	1	2	1	2000	202	905	937	3	2	0	2000
106	6	10	2	2	0	2000	201	649	NoChange	1	2	1	2000
106	6	11	4	2	0	2000	201	666	NoChange	2	2	0	2000
106	6	12	3	6	0	2000	201	874	NoChange	4	2	0	2000
106	6	13	2	6	0	2000	201	891	NoChange	3	6	0	2000
106	6	14	2	6	1	2000	202	748	31	2	6	0	2000
106	6	15	4	4	1	2000	202	595	31	2	6	1	2000
106	6	16	4	2	1	2000	202	1047	32	4	4	1	2000
106	6	17	4	6	1	2000	202	641	33	4	2	1	2000
106	6	18	2	2	1	2000	202	459	32	4	6	1	2000
106	6	19	4	6	0	2000	201	757	NoChange	2	2	1	2000
106	6	20	1	4	1	2000	202	595	979	4	6	0	2000
106	6	21	4	6	0	2000	212	2285	NoChange	1	4	1	2000
106	6	22	4	4	0	2000	201	1039	NoChange	4	6	0	2000
106	6	23	1	2	1	2000	202	587	992	4	4	0	2000
106	6	24	1	6	0	2000	201	855	NoChange	1	2	1	2000
106	6	25	1	6	1	2000	202	617	1005	1	6	0	2000
106	6	26	3	4	1	2000	202	1811	32	1	6	1	2000
106	6	27	2	4	1	2000	202	1130	33	3	4	1	2000
106	6	28	3	4	0	2000	201	921	NoChange	2	4	1	2000
106	6	29	2	4	0	2000	201	727	NoChange	3	4	0	2000
106	6	30	3	4	0	2000	201	567	NoChange	2	4	0	2000
106	6	31	1	4	0	2000	201	1035	NoChange	3	4	0	2000
106	6	32	2	6	1	2000	202	795	34	1	4	0	2000
106	6	33	4	6	1	2000	202	737	34	2	6	1	2000
106	6	34	4	2	1	2000	202	576	35	4	6	1	2000
106	6	35	2	4	0	2000	201	1292	NoChange	4	2	1	2000
106	6	36	2	4	1	2000	202	742	35	2	4	0	2000
106	6	37	2	2	1	2000	202	622	36	2	4	1	2000
106	6	38	4	2	0	2000	201	681	NoChange	2	2	1	2000
106	6	39	4	4	1	2000	202	904	36	4	2	0	2000
106	6	40	1	6	0	2000	212	759	NoChange	4	4	1	2000
106	6	41	3	2	1	2000	202	822	33	1	6	0	2000
106	6	42	4	4	0	2000	201	994	NoChange	3	2	1	2000
106	6	43	3	2	1	2000	202	572	34	4	4	0	2000
106	6	44	1	4	1	2000	202	564	1068	3	2	1	2000
106	6	45	3	4	1	2000	202	839	35	1	4	1	2000
106	6	46	1	2	0	2000	201	636	NoChange	3	4	1	2000
106	6	47	3	6	1	2000	211	3110	36	1	2	0	2000
106	6	48	3	2	0	2000	201	582	NoChange	3	6	1	2000
106	7	1	2	6	0	2000	212	653	NoChange	0	0	0	
106	7	2	3	2	1	2000	202	687	37	2	6	0	2000
106	7	3	1	2	0	2000	201	1592	NoChange	3	2	1	2000
106	7	4	3	4	0	2000	201	630	NoChange	1	2	0	2000
106	7	5	4	2	1	2000	202	1320	37	3	4	0	2000
106	7	6	4	4	0	2000	201	680	NoChange	4	2	1	2000
106	7	7	4	4	1	2000	202	705	38	4	4	0	2000
106	7	8	3	6	0	2000	201	688	NoChange	4	4	1	2000
106	7	9	2	6	0	2000	201	688	NoChange	3	6	0	2000
106	7	10	2	2	0	2000	201	624	NoChange	2	6	0	2000
106	7	11	1	6	0	2000	212	1196	NoChange	2	2	0	2000
106	7	12	3	2	0	2000	201	1056	NoChange	1	6	0	2000
106	7	13	4	6	0	2000	201	643	NoChange	3	2	0	2000
106	7	14	4	6	1	2000	202	835	39	4	6	0	2000
106	7	15	1	4	1	2000	202	632	1139	4	6	1	2000
106	7	16	3	6	1	2000	211	786	38	1	4	1	2000
106	7	17	2	4	0	2000	201	471	NoChange	3	6	1	2000
106	7	18	2	2	1	2000	202	623	37	2	4	0	2000
106	7	19	1	6	1	2000	202	658	1156	2	2	1	2000
106	7	20	3	2	1	2000	202	1062	39	1	6	1	2000
106	7	21	4	2	0	2000	201	751	NoChange	3	2	1	2000
106	7	22	1	2	0	2000	201	622	NoChange	4	2	0	2000
106	7	23	1	4	0	2000	201	650	NoChange	1	2	0	2000
106	7	24	2	2	1	2000	202	650	38	1	4	0	2000
106	7	25	2	4	1	2000	202	599	39	2	2	1	2000
106	7	26	4	4	1	2000	202	546	40	2	4	1	2000
106	7	27	2	6	1	2000	202	2640	40	4	4	1	2000
106	7	28	4	2	0	2000	201	523	NoChange	2	6	1	2000
106	7	29	1	6	1	2000	202	715	1186	4	2	0	2000
106	7	30	4	2	1	2000	202	515	41	1	6	1	2000
106	7	31	3	4	0	2000	201	1385	NoChange	4	2	1	2000
106	7	32	2	2	0	2000	201	556	NoChange	3	4	0	2000
106	7	33	3	6	1	2000	202	715	40	2	2	0	2000
106	7	34	1	4	1	2000	202	508	1203	3	6	1	2000
106	7	35	4	6	0	2000	201	562	NoChange	1	4	1	2000
106	7	36	1	2	1	2000	202	576	1212	4	6	0	2000
106	7	37	3	2	0	2000	201	924	NoChange	1	2	1	2000
106	7	38	3	4	1	2000	202	1146	41	3	2	0	2000
106	7	39	2	4	1	2000	202	962	41	3	4	1	2000
106	7	40	3	4	1	2000	202	887	42	2	4	1	2000
106	7	41	1	6	0	2000	212	2170	NoChange	3	4	1	2000
106	7	42	1	2	1	2000	202	743	1232	1	6	0	2000
106	7	43	2	6	1	2000	202	989	42	1	2	1	2000
106	7	44	4	6	1	2000	202	787	42	2	6	1	2000
106	7	45	1	4	0	2000	201	744	NoChange	4	6	1	2000
106	7	46	2	4	0	2000	201	654	NoChange	1	4	0	2000
106	7	47	3	6	0	2000	201	1840	NoChange	2	4	0	2000
106	7	48	4	4	0	2000	201	2003	NoChange	3	6	0	2000
106	8	1	2	4	1	2000	202	494	43	0	0	0	
106	8	2	2	6	0	2000	201	998	NoChange	2	4	1	2000
106	8	3	1	2	1	2000	202	673	1272	2	6	0	2000
106	8	4	1	2	0	2000	201	579	NoChange	1	2	1	2000
106	8	5	1	4	1	2000	202	657	1279	1	2	0	2000
106	8	6	4	4	0	2000	212	2011	NoChange	1	4	1	2000
106	8	7	3	4	1	2000	202	701	43	4	4	0	2000
106	8	8	4	4	1	2000	202	1068	43	3	4	1	2000
106	8	9	1	4	1	2000	202	705	1294	4	4	1	2000
106	8	10	4	2	1	2000	202	721	44	1	4	1	2000
106	8	11	2	2	1	2000	202	735	44	4	2	1	2000
106	8	12	3	4	1	2000	202	727	44	2	2	1	2000
106	8	13	4	6	1	2000	202	597	45	3	4	1	2000
106	8	14	1	4	0	2000	201	994	NoChange	4	6	1	2000
106	8	15	1	4	0	2000	201	1311	NoChange	1	4	0	2000
106	8	16	1	2	0	2000	201	582	NoChange	1	4	0	2000
106	8	17	4	6	0	2000	201	722	NoChange	1	2	0	2000
106	8	18	3	2	1	2000	202	979	45	4	6	0	2000
106	8	19	2	6	0	2000	212	1368	NoChange	3	2	1	2000
106	8	20	1	2	1	2000	202	638	1330	2	6	0	2000
106	8	21	3	4	0	2000	201	672	NoChange	1	2	1	2000
106	8	22	2	2	1	2000	202	646	45	3	4	0	2000
106	8	23	1	6	1	2000	202	803	1342	2	2	1	2000
106	8	24	2	2	0	2000	201	717	NoChange	1	6	1	2000
106	8	25	4	6	0	2000	201	758	NoChange	2	2	0	2000
106	8	26	3	2	0	2000	201	618	NoChange	4	6	0	2000
106	8	27	4	4	0	2000	201	637	NoChange	3	2	0	2000
106	8	28	4	4	1	2000	202	783	46	4	4	0	2000
106	8	29	1	6	0	2000	201	693	NoChange	4	4	1	2000
106	8	30	3	4	0	2000	201	779	NoChange	1	6	0	2000
106	8	31	3	6	0	2000	201	698	NoChange	3	4	0	2000
106	8	32	1	6	1	2000	202	587	1382	3	6	0	2000
106	8	33	4	2	0	2000	201	574	NoChange	1	6	1	2000
106	8	34	2	4	0	2000	201	709	NoChange	4	2	0	2000
106	8	35	4	2	0	2000	201	452	NoChange	2	4	0	2000
106	8	36	3	2	0	2000	201	662	NoChange	4	2	0	2000
106	8	37	2	2	0	2000	201	672	NoChange	3	2	0	2000
106	8	38	2	4	1	2000	202	826	46	2	2	0	2000
106	8	39	1	6	0	2000	201	2091	NoChange	2	4	1	2000
106	8	40	2	6	1	2000	202	703	47	1	6	0	2000
106	8	41	4	2	1	2000	202	621	47	2	6	1	2000
106	8	42	4	6	1	2000	202	647	48	4	2	1	2000
106	8	43	3	6	1	2000	211	2056	46	4	6	1	2000
106	8	44	3	2	1	2000	211	933	47	3	6	1	2000
106	8	45	2	6	1	2000	211	772	48	3	2	1	2000
106	8	46	2	4	0	2000	201	930	NoChange	2	6	1	2000
106	8	47	3	6	1	2000	202	1096	48	2	4	0	2000
106	8	48	3	6	0	2000	201	2218	NoChange	3	6	1	2000
106	9	1	4	4	1	2000	202	811	49	0	0	0	
106	9	2	2	6	0	2000	212	1063	NoChange	4	4	1	2000
106	9	3	3	4	0	2000	212	1447	NoChange	2	6	0	2000
106	9	4	1	6	0	2000	201	539	NoChange	3	4	0	2000
106	9	5	2	2	1	2000	202	1064	49	1	6	0	2000
106	9	6	4	2	1	2000	202	611	50	2	2	1	2000
106	9	7	1	4	0	2000	212	774	NoChange	4	2	1	2000
106	9	8	3	2	1	2000	211	3005	49	1	4	0	2000
106	9	9	2	4	0	2000	201	841	NoChange	3	2	1	2000
106	9	10	3	6	0	2000	201	652	NoChange	2	4	0	2000
106	9	11	2	2	0	2000	201	556	NoChange	3	6	0	2000
106	9	12	4	6	1	2000	202	849	51	2	2	0	2000
106	9	13	1	2	0	2000	201	764	NoChange	4	6	1	2000
106	9	14	1	2	0	2000	201	668	NoChange	1	2	0	2000
106	9	15	3	4	1	2000	202	1188	50	1	2	0	2000
106	9	16	4	4	1	2000	202	624	52	3	4	1	2000
106	9	17	1	4	1	2000	202	653	1498	4	4	1	2000
106	9	18	1	6	1	2000	202	765	1505	1	4	1	2000
106	9	19	3	2	1	2000	211	1716	51	1	6	1	2000
106	9	20	2	4	1	2000	202	653	50	3	2	1	2000
106	9	21	3	6	1	2000	202	982	52	2	4	1	2000
106	9	22	1	2	1	2000	202	516	1517	3	6	1	2000
106	9	23	3	6	0	2000	201	779	NoChange	1	2	1	2000
106	9	24	1	2	1	2000	202	952	1526	3	6	0	2000
106	9	25	3	2	0	2000	201	678	NoChange	1	2	1	2000
106	9	26	4	2	0	2000	201	520	NoChange	3	2	0	2000
106	9	27	3	4	1	2000	202	791	53	4	2	0	2000
106	9	28	2	4	0	2000	201	996	NoChange	3	4	1	2000
106	9	29	4	6	0	2000	201	842	NoChange	2	4	0	2000
106	9	30	3	4	0	2000	212	684	NoChange	4	6	0	2000
106	9	31	1	6	1	2000	202	734	1554	3	4	0	2000
106	9	32	3	6	1	2000	202	627	54	1	6	1	2000
106	9	33	3	2	0	2000	201	966	NoChange	3	6	1	2000
106	9	34	2	6	1	2000	202	699	51	3	2	0	2000
106	9	35	2	2	0	2000	201	1541	NoChange	2	6	1	2000
106	9	36	2	4	1	2000	211	948	52	2	2	0	2000
106	9	37	4	4	0	2000	201	497	NoChange	2	4	1	2000
106	9	38	4	4	0	2000	212	1018	NoChange	4	4	0	2000
106	9	39	2	6	0	2000	212	1219	NoChange	4	4	0	2000
106	9	40	4	2	1	2000	202	1239	53	2	6	0	2000
106	9	41	2	6	1	2000	202	730	53	4	2	1	2000
106	9	42	4	6	0	2000	201	1051	NoChange	2	6	1	2000
106	9	43	1	4	1	2000	202	669	1602	4	6	0	2000
106	9	44	1	6	0	2000	201	853	NoChange	1	4	1	2000
106	9	45	1	4	0	2000	201	1622	NoChange	1	6	0	2000
106	9	46	4	6	1	2000	202	1260	54	1	4	0	2000
106	9	47	4	2	0	2000	201	733	NoChange	4	6	1	2000
106	9	48	2	2	1	2000	202	699	54	4	2	0	2000
106	10	1	2	4	1	2000	202	617	55	0	0	0	
106	10	2	2	2	1	2000	202	563	56	2	4	1	2000
106	10	3	1	4	1	2000	202	616	1629	2	2	1	2000
106	10	4	1	2	0	2000	201	678	NoChange	1	4	1	2000
106	10	5	4	6	0	2000	201	990	NoChange	1	2	0	2000
106	10	6	2	6	1	2000	202	564	57	4	6	0	2000
106	10	7	2	2	0	2000	201	680	NoChange	2	6	1	2000
106	10	8	2	2	0	2000	201	722	NoChange	2	2	0	2000
106	10	9	4	6	0	2000	212	562	NoChange	2	2	0	2000
106	10	10	1	6	0	2000	201	711	NoChange	4	6	0	2000
106	10	11	4	2	0	2000	201	696	NoChange	1	6	0	2000
106	10	12	4	4	1	2000	202	798	55	4	2	0	2000
106	10	13	3	2	0	2000	201	532	NoChange	4	4	1	2000
106	10	14	2	4	1	2000	211	721	58	3	2	0	2000
106	10	15	3	2	1	2000	202	557	55	2	4	1	2000
106	10	16	4	2	0	2000	201	664	NoChange	3	2	1	2000
106	10	17	3	4	1	2000	211	1018	56	4	2	0	2000
106	10	18	4	6	1	2000	202	920	56	3	4	1	2000
106	10	19	2	4	0	2000	201	575	NoChange	4	6	1	2000
106	10	20	4	4	0	2000	201	580	NoChange	2	4	0	2000
106	10	21	2	6	1	2000	202	922	59	4	4	0	2000
106	10	22	1	6	1	2000	202	888	1699	2	6	1	2000
106	10	23	2	2	1	2000	202	1176	60	1	6	1	2000
106	10	24	1	6	0	2000	201	831	NoChange	2	2	1	2000
106	10	25	1	2	1	2000	202	777	1709	1	6	0	2000
106	10	26	1	6	1	2000	202	784	1716	1	2	1	2000
106	10	27	4	4	0	2000	201	806	NoChange	1	6	1	2000
106	10	28	1	4	0	2000	201	809	NoChange	4	4	0	2000
106	10	29	3	2	1	2000	202	1554	57	1	4	0	2000
106	10	30	1	4	0	2000	201	899	NoChange	3	2	1	2000
106	10	31	4	6	1	2000	202	1225	57	1	4	0	2000
106	10	32	2	6	0	2000	201	710	NoChange	4	6	1	2000
106	10	33	3	4	0	2000	201	1288	NoChange	2	6	0	2000
106	10	34	1	2	0	2000	201	694	NoChange	3	4	0	2000
106	10	35	4	4	1	2000	202	784	58	1	2	0	2000
106	10	36	3	6	1	2000	202	1564	58	4	4	1	2000
106	10	37	3	6	0	2000	201	627	NoChange	3	6	1	2000
106	10	38	4	2	1	2000	202	608	59	3	6	0	2000
106	10	39	2	6	0	2000	201	986	NoChange	4	2	1	2000
106	10	40	3	6	0	2000	201	1831	NoChange	2	6	0	2000
106	10	41	3	6	1	2000	211	993	59	3	6	0	2000
106	10	42	1	4	1	2000	202	631	1783	3	6	1	2000
106	10	43	1	2	1	2000	202	746	1786	1	4	1	2000
106	10	44	3	4	0	2000	201	1000	NoChange	1	2	1	2000
106	10	45	3	2	0	2000	201	653	NoChange	3	4	0	2000
106	10	46	2	4	0	2000	201	695	NoChange	3	2	0	2000
106	10	47	4	2	1	2000	202	734	60	2	4	0	2000
106	10	48	3	4	1	2000	211	685	60	4	2	1	2000
106	11	1	4	4	1	2000	202	680	61	0	0	0	
106	11	2	1	4	1	2000	202	609	1808	4	4	1	2000
106	11	3	1	6	1	2000	202	1117	1815	1	4	1	2000
106	11	4	1	2	1	2000	202	1037	1818	1	6	1	2000
106	11	5	1	4	0	2000	201	1000	NoChange	1	2	1	2000
106	11	6	2	6	0	2000	201	429	NoChange	1	4	0	2000
106	11	7	3	2	0	2000	201	773	NoChange	2	6	0	2000
106	11	8	1	2	0	2000	201	787	NoChange	3	2	0	2000
106	11	9	1	6	0	2000	201	585	NoChange	1	2	0	2000
106	11	10	1	4	1	2000	202	517	1843	1	6	0	2000
106	11	11	4	2	1	2000	202	907	62	1	4	1	2000
106	11	12	4	6	0	2000	201	693	NoChange	4	2	1	2000
106	11	13	4	4	1	2000	202	653	63	4	6	0	2000
106	11	14	4	4	0	2000	212	1118	NoChange	4	4	1	2000
106	11	15	1	2	0	2000	201	543	NoChange	4	4	0	2000
106	11	16	4	2	1	2000	202	604	64	1	2	0	2000
106	11	17	1	6	0	2000	201	729	NoChange	4	2	1	2000
106	11	18	3	4	0	2000	201	481	NoChange	1	6	0	2000
106	11	19	2	4	0	2000	201	491	NoChange	3	4	0	2000
106	11	20	4	6	0	2000	201	722	NoChange	2	4	0	2000
106	11	21	3	2	0	2000	201	528	NoChange	4	6	0	2000
106	11	22	3	4	1	2000	202	615	61	3	2	0	2000
106	11	23	2	4	0	2000	201	922	NoChange	3	4	1	2000
106	11	24	2	4	1	2000	202	857	61	2	4	0	2000
106	11	25	2	2	0	2000	201	652	NoChange	2	4	1	2000
106	11	26	2	2	0	2000	201	590	NoChange	2	2	0	2000
106	11	27	3	6	1	2000	202	762	62	2	2	0	2000
106	11	28	1	6	1	2000	202	624	1908	3	6	1	2000
106	11	29	4	2	0	2000	201	612	NoChange	1	6	1	2000
106	11	30	1	2	1	2000	202	657	1913	4	2	0	2000
106	11	31	2	2	1	2000	202	679	62	1	2	1	2000
106	11	32	2	6	0	2000	201	818	NoChange	2	2	1	2000
106	11	33	2	6	1	2000	202	742	63	2	6	0	2000
106	11	34	4	4	0	2000	201	638	NoChange	2	6	1	2000
106	11	35	3	4	0	2000	201	912	NoChange	4	4	0	2000
106	11	36	3	6	0	2000	212	3711	NoChange	3	4	0	2000
106	11	37	4	6	1	2000	211	983	65	3	6	0	2000
106	11	38	4	2	0	2000	201	525	NoChange	4	6	1	2000
106	11	39	2	4	1	2000	202	612	64	4	2	0	2000
106	11	40	3	2	1	2000	202	1016	63	2	4	1	2000
106	11	41	3	2	1	2000	202	828	64	3	2	1	2000
106	11	42	1	4	0	2000	201	1142	NoChange	3	2	1	2000
106	11	43	4	6	1	2000	202	1253	66	1	4	0	2000
106	11	44	2	6	1	2000	202	982	65	4	6	1	2000
106	11	45	2	2	1	2000	202	638	66	2	6	1	2000
106	11	46	3	4	1	2000	202	1664	65	2	2	1	2000
106	11	47	3	6	1	2000	202	1320	66	3	4	1	2000
106	11	48	3	6	0	2000	201	706	NoChange	3	6	1	2000
106	12	1	4	4	0	2000	201	739	NoChange	0	0	0	
106	12	2	1	4	0	2000	201	703	NoChange	4	4	0	2000
106	12	3	2	2	1	2000	202	662	67	1	4	0	2000
106	12	4	2	4	1	2000	202	660	68	2	2	1	2000
106	12	5	3	4	1	2000	202	995	67	2	4	1	2000
106	12	6	2	2	0	2000	201	739	NoChange	3	4	1	2000
106	12	7	2	4	0	2000	201	721	NoChange	2	2	0	2000
106	12	8	2	4	0	2000	201	1240	NoChange	2	4	0	2000
106	12	9	3	2	1	2000	202	952	68	2	4	0	2000
106	12	10	2	6	1	2000	202	1134	69	3	2	1	2000
106	12	11	1	6	0	2000	201	1030	NoChange	2	6	1	2000
106	12	12	4	2	1	2000	202	962	67	1	6	0	2000
106	12	13	4	6	0	2000	201	806	NoChange	4	2	1	2000
106	12	14	4	6	1	2000	211	1844	68	4	6	0	2000
106	12	15	3	6	0	2000	201	929	NoChange	4	6	1	2000
106	12	16	4	2	0	2000	201	751	NoChange	3	6	0	2000
106	12	17	1	2	1	2000	202	778	2040	4	2	0	2000
106	12	18	2	2	0	2000	201	760	NoChange	1	2	1	2000
106	12	19	2	6	0	2000	201	790	NoChange	2	2	0	2000
106	12	20	1	2	0	2000	201	475	NoChange	2	6	0	2000
106	12	21	2	4	1	2000	202	946	70	1	2	0	2000
106	12	22	4	2	1	2000	202	1025	69	2	4	1	2000
106	12	23	3	2	1	2000	202	718	69	4	2	1	2000
106	12	24	3	2	0	2000	201	816	NoChange	3	2	1	2000
106	12	25	1	4	1	2000	202	1003	2062	3	2	0	2000
106	12	26	1	4	1	2000	202	1780	2067	1	4	1	2000
106	12	27	3	2	0	2000	201	851	NoChange	1	4	1	2000
106	12	28	1	2	1	2000	202	980	2072	3	2	0	2000
106	12	29	3	6	0	2000	212	1075	NoChange	1	2	1	2000
106	12	30	1	6	1	2000	202	827	2085	3	6	0	2000
106	12	31	1	2	0	2000	201	766	NoChange	1	6	1	2000
106	12	32	3	6	1	2000	211	1081	70	1	2	0	2000
106	12	33	4	4	1	2000	202	770	70	3	6	1	2000
106	12	34	2	6	0	2000	201	896	NoChange	4	4	1	2000
106	12	35	1	6	0	2000	201	1139	NoChange	2	6	0	2000
106	12	36	1	6	1	2000	202	783	2114	1	6	0	2000
106	12	37	3	6	1	2000	202	1006	71	1	6	1	2000
106	12	38	3	4	0	2000	201	1091	NoChange	3	6	1	2000
106	12	39	4	4	1	2000	202	636	71	3	4	0	2000
106	12	40	2	2	1	2000	202	1142	71	4	4	1	2000
106	12	41	4	4	0	2000	201	941	NoChange	2	2	1	2000
106	12	42	4	6	0	2000	201	7640	NoChange	4	4	0	2000
106	12	43	4	6	1	2000	202	679	72	4	6	0	2000
106	12	44	1	4	0	2000	201	849	NoChange	4	6	1	2000
106	12	45	2	6	1	2000	202	826	72	1	4	0	2000
106	12	46	3	4	0	2000	201	879	NoChange	2	6	1	2000
106	12	47	3	4	1	2000	211	871	72	3	4	0	2000
106	12	48	4	2	0	2000	201	516	NoChange	3	4	1	2000
