#subject	block	trial	condition	setsize	change	time	responses	time	Pic	prev_condition	prev_setsize	prev_change	prev_time
111	1	1	1	2	0	2000	201	1199	NoChange	0	0	0	
111	1	2	3	6	1	2000	211	2451	1	1	2	0	2000
111	1	3	2	4	1	2000	202	828	1	3	6	1	2000
111	1	4	2	2	1	2000	202	711	2	2	4	1	2000
111	1	5	1	2	0	2000	201	886	NoChange	2	2	1	2000
111	1	6	1	2	1	2000	202	942	16	1	2	0	2000
111	1	7	1	4	0	2000	201	1268	NoChange	1	2	1	2000
111	1	8	4	2	1	2000	202	1261	1	1	4	0	2000
111	1	9	4	4	1	2000	202	886	2	4	2	1	2000
111	1	10	4	4	0	2000	201	1390	NoChange	4	4	1	2000
111	1	11	3	4	1	2000	202	1378	2	4	4	0	2000
111	1	12	1	4	1	2000	202	863	36	3	4	1	2000
111	1	13	2	6	0	2000	201	1080	NoChange	1	4	1	2000
111	1	14	2	6	1	2000	202	1120	3	2	6	0	2000
111	1	15	3	6	1	2000	202	1799	3	2	6	1	2000
111	1	16	3	2	1	2000	202	851	4	3	6	1	2000
111	1	17	3	6	0	2000	201	1484	NoChange	3	2	1	2000
111	1	18	3	2	1	2000	202	1292	5	3	6	0	2000
111	1	19	1	4	0	2000	201	4068	NoChange	3	2	1	2000
111	1	20	2	2	0	2000	201	3950	NoChange	1	4	0	2000
111	1	21	3	2	0	2000	201	2148	NoChange	2	2	0	2000
111	1	22	3	6	0	2000	201	1026	NoChange	3	2	0	2000
111	1	23	3	4	0	2000	201	965	NoChange	3	6	0	2000
111	1	24	3	4	1	2000	211	1314	6	3	4	0	2000
111	1	25	4	2	1	2000	202	817	3	3	4	1	2000
111	1	26	1	4	1	2000	202	780	87	4	2	1	2000
111	1	27	4	2	0	2000	212	1600	NoChange	1	4	1	2000
111	1	28	2	4	0	2000	212	884	NoChange	4	2	0	2000
111	1	29	4	4	0	2000	201	1676	NoChange	2	4	0	2000
111	1	30	4	6	1	2000	202	1212	4	4	4	0	2000
111	1	31	2	4	1	2000	202	984	4	4	6	1	2000
111	1	32	4	4	1	2000	211	1236	5	2	4	1	2000
111	1	33	1	6	1	2000	202	838	115	4	4	1	2000
111	1	34	2	4	0	2000	201	984	NoChange	1	6	1	2000
111	1	35	1	6	0	2000	212	2084	NoChange	2	4	0	2000
111	1	36	4	6	0	2000	212	1188	NoChange	1	6	0	2000
111	1	37	2	6	1	2000	202	1096	5	4	6	0	2000
111	1	38	1	2	1	2000	202	736	139	2	6	1	2000
111	1	39	1	6	0	2000	201	1918	NoChange	1	2	1	2000
111	1	40	4	6	1	2000	202	837	6	1	6	0	2000
111	1	41	4	6	0	2000	201	1215	NoChange	4	6	1	2000
111	1	42	2	2	1	2000	202	1353	6	4	6	0	2000
111	1	43	2	6	0	2000	201	2879	NoChange	2	2	1	2000
111	1	44	3	2	0	2000	201	872	NoChange	2	6	0	2000
111	1	45	2	2	0	2000	201	1289	NoChange	3	2	0	2000
111	1	46	1	6	1	2000	202	1553	174	2	2	0	2000
111	1	47	4	2	0	2000	201	1446	NoChange	1	6	1	2000
111	1	48	3	4	0	2000	212	2448	NoChange	4	2	0	2000
111	2	1	3	6	1	2000	202	1023	7	0	0	0	
111	2	2	3	2	0	2000	201	1249	NoChange	3	6	1	2000
111	2	3	2	6	0	2000	201	1283	NoChange	3	2	0	2000
111	2	4	2	6	1	2000	202	883	7	2	6	0	2000
111	2	5	1	6	0	2000	201	1843	NoChange	2	6	1	2000
111	2	6	1	6	0	2000	201	2389	NoChange	1	6	0	2000
111	2	7	4	4	1	2000	202	2441	7	1	6	0	2000
111	2	8	4	6	1	2000	202	820	8	4	4	1	2000
111	2	9	4	2	1	2000	202	990	9	4	6	1	2000
111	2	10	3	6	1	2000	202	794	8	4	2	1	2000
111	2	11	3	4	0	2000	201	2022	NoChange	3	6	1	2000
111	2	12	1	4	0	2000	201	4569	NoChange	3	4	0	2000
111	2	13	2	4	1	2000	202	1071	8	1	4	0	2000
111	2	14	1	4	0	2000	201	992	NoChange	2	4	1	2000
111	2	15	3	2	0	2000	201	2116	NoChange	1	4	0	2000
111	2	16	3	2	1	2000	202	795	9	3	2	0	2000
111	2	17	1	4	1	2000	202	1799	247	3	2	1	2000
111	2	18	2	6	0	2000	201	3834	NoChange	1	4	1	2000
111	2	19	4	6	0	2000	201	1181	NoChange	2	6	0	2000
111	2	20	3	2	1	2000	202	1370	10	4	6	0	2000
111	2	21	3	4	1	2000	202	1679	11	3	2	1	2000
111	2	22	3	6	0	2000	212	1799	NoChange	3	4	1	2000
111	2	23	4	6	1	2000	202	835	10	3	6	0	2000
111	2	24	4	2	0	2000	201	1141	NoChange	4	6	1	2000
111	2	25	4	4	0	2000	201	2171	NoChange	4	2	0	2000
111	2	26	3	6	0	2000	201	1032	NoChange	4	4	0	2000
111	2	27	2	2	0	2000	201	1034	NoChange	3	6	0	2000
111	2	28	2	2	1	2000	202	1188	9	2	2	0	2000
111	2	29	4	4	1	2000	202	1024	11	2	2	1	2000
111	2	30	2	2	0	2000	201	770	NoChange	4	4	1	2000
111	2	31	2	4	0	2000	201	919	NoChange	2	2	0	2000
111	2	32	3	4	1	2000	202	870	12	2	4	0	2000
111	2	33	4	4	0	2000	201	1206	NoChange	3	4	1	2000
111	2	34	1	2	0	2000	201	785	NoChange	4	4	0	2000
111	2	35	1	2	1	2000	202	693	310	1	2	0	2000
111	2	36	2	6	1	2000	202	821	10	1	2	1	2000
111	2	37	1	4	1	2000	202	808	320	2	6	1	2000
111	2	38	4	2	1	2000	202	1147	12	1	4	1	2000
111	2	39	1	6	1	2000	202	785	328	4	2	1	2000
111	2	40	2	2	1	2000	202	1213	11	1	6	1	2000
111	2	41	1	2	0	2000	201	1336	NoChange	2	2	1	2000
111	2	42	1	6	1	2000	202	926	338	1	2	0	2000
111	2	43	2	4	1	2000	202	813	12	1	6	1	2000
111	2	44	2	4	0	2000	201	1424	NoChange	2	4	1	2000
111	2	45	3	4	0	2000	201	1067	NoChange	2	4	0	2000
111	2	46	1	2	1	2000	202	1003	352	3	4	0	2000
111	2	47	4	6	0	2000	201	1159	NoChange	1	2	1	2000
111	2	48	4	2	0	2000	201	820	NoChange	4	6	0	2000
111	3	1	1	2	1	2000	202	767	363	0	0	0	
111	3	2	2	6	1	2000	202	2219	13	1	2	1	2000
111	3	3	3	4	1	2000	211	2638	13	2	6	1	2000
111	3	4	1	6	1	2000	202	785	378	3	4	1	2000
111	3	5	2	4	0	2000	201	1661	NoChange	1	6	1	2000
111	3	6	2	4	0	2000	201	2270	NoChange	2	4	0	2000
111	3	7	2	6	1	2000	202	823	14	2	4	0	2000
111	3	8	2	2	0	2000	201	906	NoChange	2	6	1	2000
111	3	9	2	2	0	2000	201	633	NoChange	2	2	0	2000
111	3	10	3	2	1	2000	202	1363	14	2	2	0	2000
111	3	11	4	2	0	2000	201	832	NoChange	3	2	1	2000
111	3	12	1	6	0	2000	201	1066	NoChange	4	2	0	2000
111	3	13	4	6	1	2000	202	987	13	1	6	0	2000
111	3	14	3	4	0	2000	201	983	NoChange	4	6	1	2000
111	3	15	4	6	1	2000	202	994	14	3	4	0	2000
111	3	16	1	2	1	2000	202	782	421	4	6	1	2000
111	3	17	3	6	0	2000	201	818	NoChange	1	2	1	2000
111	3	18	4	6	0	2000	212	1221	NoChange	3	6	0	2000
111	3	19	1	4	1	2000	202	839	438	4	6	0	2000
111	3	20	1	2	0	2000	201	945	NoChange	1	4	1	2000
111	3	21	4	2	1	2000	202	751	15	1	2	0	2000
111	3	22	4	2	0	2000	201	1772	NoChange	4	2	1	2000
111	3	23	4	4	1	2000	202	2705	16	4	2	0	2000
111	3	24	4	6	0	2000	201	865	NoChange	4	4	1	2000
111	3	25	1	2	0	2000	201	842	NoChange	4	6	0	2000
111	3	26	2	4	1	2000	202	868	15	1	2	0	2000
111	3	27	1	6	0	2000	201	1084	NoChange	2	4	1	2000
111	3	28	2	4	1	2000	202	1252	16	1	6	0	2000
111	3	29	1	6	1	2000	202	1062	473	2	4	1	2000
111	3	30	4	4	0	2000	201	551	NoChange	1	6	1	2000
111	3	31	4	4	1	2000	202	828	17	4	4	0	2000
111	3	32	3	4	0	2000	212	1654	NoChange	4	4	1	2000
111	3	33	3	2	0	2000	201	1064	NoChange	3	4	0	2000
111	3	34	3	2	1	2000	202	1281	15	3	2	0	2000
111	3	35	3	4	1	2000	202	1121	16	3	2	1	2000
111	3	36	2	6	0	2000	212	1528	NoChange	3	4	1	2000
111	3	37	3	6	1	2000	202	1023	17	2	6	0	2000
111	3	38	2	2	1	2000	202	825	17	3	6	1	2000
111	3	39	1	4	1	2000	202	604	507	2	2	1	2000
111	3	40	3	6	1	2000	202	767	18	1	4	1	2000
111	3	41	4	2	1	2000	202	1067	18	3	6	1	2000
111	3	42	3	2	0	2000	201	1956	NoChange	4	2	1	2000
111	3	43	2	2	1	2000	202	866	18	3	2	0	2000
111	3	44	4	4	0	2000	201	1586	NoChange	2	2	1	2000
111	3	45	2	6	0	2000	201	2871	NoChange	4	4	0	2000
111	3	46	1	4	0	2000	201	1336	NoChange	2	6	0	2000
111	3	47	1	4	0	2000	201	1998	NoChange	1	4	0	2000
111	3	48	3	6	0	2000	201	954	NoChange	1	4	0	2000
111	4	1	2	2	1	2000	202	817	19	0	0	0	
111	4	2	2	6	0	2000	201	1083	NoChange	2	2	1	2000
111	4	3	3	2	0	2000	201	1083	NoChange	2	6	0	2000
111	4	4	1	6	1	2000	202	939	556	3	2	0	2000
111	4	5	3	4	0	2000	201	913	NoChange	1	6	1	2000
111	4	6	1	2	0	2000	201	976	NoChange	3	4	0	2000
111	4	7	3	2	1	2000	202	949	19	1	2	0	2000
111	4	8	2	4	0	2000	212	778	NoChange	3	2	1	2000
111	4	9	4	6	1	2000	202	967	19	2	4	0	2000
111	4	10	2	4	1	2000	211	2923	20	4	6	1	2000
111	4	11	3	4	0	2000	201	1547	NoChange	2	4	1	2000
111	4	12	4	2	0	2000	201	1489	NoChange	3	4	0	2000
111	4	13	4	2	0	2000	201	881	NoChange	4	2	0	2000
111	4	14	4	2	1	2000	202	753	20	4	2	0	2000
111	4	15	4	6	0	2000	201	783	NoChange	4	2	1	2000
111	4	16	3	2	0	2000	201	746	NoChange	4	6	0	2000
111	4	17	2	4	1	2000	211	2320	21	3	2	0	2000
111	4	18	4	2	1	2000	202	743	21	2	4	1	2000
111	4	19	2	2	0	2000	201	853	NoChange	4	2	1	2000
111	4	20	4	4	0	2000	201	1198	NoChange	2	2	0	2000
111	4	21	2	2	1	2000	202	794	22	4	4	0	2000
111	4	22	2	6	1	2000	211	1894	23	2	2	1	2000
111	4	23	3	6	0	2000	212	878	NoChange	2	6	1	2000
111	4	24	4	4	1	2000	202	1335	22	3	6	0	2000
111	4	25	2	2	0	2000	201	845	NoChange	4	4	1	2000
111	4	26	1	4	1	2000	202	774	624	2	2	0	2000
111	4	27	3	4	1	2000	202	899	20	1	4	1	2000
111	4	28	2	4	0	2000	201	1202	NoChange	3	4	1	2000
111	4	29	2	6	1	2000	202	909	24	2	4	0	2000
111	4	30	3	4	1	2000	202	1117	21	2	6	1	2000
111	4	31	3	6	1	2000	211	1019	22	3	4	1	2000
111	4	32	1	6	0	2000	201	902	NoChange	3	6	1	2000
111	4	33	3	6	1	2000	202	1629	23	1	6	0	2000
111	4	34	4	4	1	2000	202	840	23	3	6	1	2000
111	4	35	2	6	0	2000	201	1082	NoChange	4	4	1	2000
111	4	36	4	6	0	2000	201	1218	NoChange	2	6	0	2000
111	4	37	1	4	1	2000	202	829	675	4	6	0	2000
111	4	38	1	4	0	2000	201	743	NoChange	1	4	1	2000
111	4	39	1	2	1	2000	202	925	682	1	4	0	2000
111	4	40	1	2	0	2000	201	747	NoChange	1	2	1	2000
111	4	41	1	2	1	2000	202	617	687	1	2	0	2000
111	4	42	4	4	0	2000	201	908	NoChange	1	2	1	2000
111	4	43	3	2	1	2000	202	1491	24	4	4	0	2000
111	4	44	1	4	0	2000	212	3523	NoChange	3	2	1	2000
111	4	45	3	6	0	2000	212	1427	NoChange	1	4	0	2000
111	4	46	1	6	0	2000	201	2742	NoChange	3	6	0	2000
111	4	47	1	6	1	2000	202	812	715	1	6	0	2000
111	4	48	4	6	1	2000	202	831	24	1	6	1	2000
111	5	1	3	4	0	2000	201	2509	NoChange	0	0	0	
111	5	2	4	2	1	2000	202	669	25	3	4	0	2000
111	5	3	4	4	1	2000	202	1453	26	4	2	1	2000
111	5	4	1	6	0	2000	201	1455	NoChange	4	4	1	2000
111	5	5	2	6	1	2000	202	720	25	1	6	0	2000
111	5	6	1	6	1	2000	202	703	746	2	6	1	2000
111	5	7	3	6	0	2000	212	766	NoChange	1	6	1	2000
111	5	8	3	4	1	2000	202	1530	25	3	6	0	2000
111	5	9	3	6	1	2000	211	1393	26	3	4	1	2000
111	5	10	3	6	0	2000	201	1453	NoChange	3	6	1	2000
111	5	11	1	4	1	2000	202	751	771	3	6	0	2000
111	5	12	1	2	1	2000	202	700	774	1	4	1	2000
111	5	13	3	2	0	2000	201	691	NoChange	1	2	1	2000
111	5	14	2	2	0	2000	201	1451	NoChange	3	2	0	2000
111	5	15	3	2	1	2000	211	1596	27	2	2	0	2000
111	5	16	4	6	1	2000	202	1200	27	3	2	1	2000
111	5	17	4	2	1	2000	202	684	28	4	6	1	2000
111	5	18	1	4	0	2000	201	708	NoChange	4	2	1	2000
111	5	19	1	6	0	2000	212	771	NoChange	1	4	0	2000
111	5	20	2	6	0	2000	212	815	NoChange	1	6	0	2000
111	5	21	1	2	0	2000	201	666	NoChange	2	6	0	2000
111	5	22	4	6	1	2000	202	762	29	1	2	0	2000
111	5	23	2	2	1	2000	202	663	26	4	6	1	2000
111	5	24	4	4	0	2000	201	1081	NoChange	2	2	1	2000
111	5	25	3	4	0	2000	201	1481	NoChange	4	4	0	2000
111	5	26	2	2	0	2000	201	761	NoChange	3	4	0	2000
111	5	27	3	2	0	2000	201	887	NoChange	2	2	0	2000
111	5	28	1	2	1	2000	202	1454	824	3	2	0	2000
111	5	29	1	4	1	2000	202	800	829	1	2	1	2000
111	5	30	4	2	0	2000	201	1019	NoChange	1	4	1	2000
111	5	31	4	6	0	2000	201	1054	NoChange	4	2	0	2000
111	5	32	3	4	1	2000	202	1239	28	4	6	0	2000
111	5	33	2	6	1	2000	202	1017	27	3	4	1	2000
111	5	34	4	4	1	2000	202	1036	30	2	6	1	2000
111	5	35	2	2	1	2000	202	910	28	4	4	1	2000
111	5	36	2	4	1	2000	211	1661	29	2	2	1	2000
111	5	37	1	4	0	2000	201	1254	NoChange	2	4	1	2000
111	5	38	2	4	0	2000	212	1456	NoChange	1	4	0	2000
111	5	39	4	6	0	2000	201	1489	NoChange	2	4	0	2000
111	5	40	1	6	1	2000	202	801	873	4	6	0	2000
111	5	41	2	6	0	2000	201	1380	NoChange	1	6	1	2000
111	5	42	4	2	0	2000	201	1425	NoChange	2	6	0	2000
111	5	43	3	6	1	2000	202	844	29	4	2	0	2000
111	5	44	2	4	1	2000	202	1254	30	3	6	1	2000
111	5	45	2	4	0	2000	201	1463	NoChange	2	4	1	2000
111	5	46	3	2	1	2000	202	1241	30	2	4	0	2000
111	5	47	1	2	0	2000	201	1395	NoChange	3	2	1	2000
111	5	48	4	4	0	2000	201	1559	NoChange	1	2	0	2000
111	6	1	3	2	1	2000	202	810	31	0	0	0	
111	6	2	4	4	1	2000	202	861	31	3	2	1	2000
111	6	3	3	4	1	2000	202	1654	32	4	4	1	2000
111	6	4	2	2	1	2000	211	2320	31	3	4	1	2000
111	6	5	1	4	1	2000	202	735	913	2	2	1	2000
111	6	6	1	2	1	2000	202	604	916	1	4	1	2000
111	6	7	3	6	1	2000	211	1896	33	1	2	1	2000
111	6	8	4	2	1	2000	202	816	32	3	6	1	2000
111	6	9	1	6	0	2000	212	682	NoChange	4	2	1	2000
111	6	10	1	6	1	2000	202	746	935	1	6	0	2000
111	6	11	1	6	1	2000	202	896	942	1	6	1	2000
111	6	12	4	4	0	2000	212	688	NoChange	1	6	1	2000
111	6	13	2	2	0	2000	201	976	NoChange	4	4	0	2000
111	6	14	2	6	1	2000	202	1492	32	2	2	0	2000
111	6	15	4	2	0	2000	201	684	NoChange	2	6	1	2000
111	6	16	2	4	0	2000	201	1116	NoChange	4	2	0	2000
111	6	17	3	4	1	2000	211	1155	34	2	4	0	2000
111	6	18	4	6	1	2000	202	1160	33	3	4	1	2000
111	6	19	3	4	0	2000	201	1142	NoChange	4	6	1	2000
111	6	20	1	2	1	2000	202	1004	974	3	4	0	2000
111	6	21	4	2	1	2000	202	935	34	1	2	1	2000
111	6	22	2	6	1	2000	202	861	33	4	2	1	2000
111	6	23	4	4	0	2000	201	1094	NoChange	2	6	1	2000
111	6	24	3	6	0	2000	201	958	NoChange	4	4	0	2000
111	6	25	2	2	0	2000	201	1339	NoChange	3	6	0	2000
111	6	26	4	2	0	2000	201	817	NoChange	2	2	0	2000
111	6	27	2	4	1	2000	202	796	34	4	2	0	2000
111	6	28	3	6	0	2000	201	1096	NoChange	2	4	1	2000
111	6	29	3	2	0	2000	201	904	NoChange	3	6	0	2000
111	6	30	1	4	0	2000	201	743	NoChange	3	2	0	2000
111	6	31	4	6	0	2000	201	901	NoChange	1	4	0	2000
111	6	32	3	2	1	2000	202	2700	35	4	6	0	2000
111	6	33	2	4	1	2000	202	996	35	3	2	1	2000
111	6	34	4	6	0	2000	201	3560	NoChange	2	4	1	2000
111	6	35	1	4	0	2000	201	942	NoChange	4	6	0	2000
111	6	36	4	4	1	2000	202	1108	35	1	4	0	2000
111	6	37	1	2	0	2000	201	979	NoChange	4	4	1	2000
111	6	38	2	6	0	2000	201	840	NoChange	1	2	0	2000
111	6	39	1	2	0	2000	201	730	NoChange	2	6	0	2000
111	6	40	4	6	1	2000	202	824	36	1	2	0	2000
111	6	41	3	4	0	2000	212	1131	NoChange	4	6	1	2000
111	6	42	1	6	0	2000	201	737	NoChange	3	4	0	2000
111	6	43	3	6	1	2000	211	823	36	1	6	0	2000
111	6	44	2	4	0	2000	201	786	NoChange	3	6	1	2000
111	6	45	1	4	1	2000	202	1142	1071	2	4	0	2000
111	6	46	2	2	1	2000	202	827	36	1	4	1	2000
111	6	47	3	2	0	2000	201	1126	NoChange	2	2	1	2000
111	6	48	2	6	0	2000	201	1141	NoChange	3	2	0	2000
111	7	1	2	2	1	2000	202	713	37	0	0	0	
111	7	2	4	6	0	2000	212	1184	NoChange	2	2	1	2000
111	7	3	3	4	0	2000	201	1252	NoChange	4	6	0	2000
111	7	4	1	6	0	2000	201	966	NoChange	3	4	0	2000
111	7	5	2	6	0	2000	201	906	NoChange	1	6	0	2000
111	7	6	1	6	1	2000	202	689	1110	2	6	0	2000
111	7	7	2	4	0	2000	201	641	NoChange	1	6	1	2000
111	7	8	2	4	0	2000	201	827	NoChange	2	4	0	2000
111	7	9	2	4	1	2000	202	1334	38	2	4	0	2000
111	7	10	3	6	0	2000	201	1236	NoChange	2	4	1	2000
111	7	11	3	2	1	2000	202	1598	37	3	6	0	2000
111	7	12	2	6	1	2000	202	1018	39	3	2	1	2000
111	7	13	1	4	1	2000	202	860	1138	2	6	1	2000
111	7	14	3	2	0	2000	201	974	NoChange	1	4	1	2000
111	7	15	3	6	0	2000	201	1018	NoChange	3	2	0	2000
111	7	16	1	6	0	2000	201	1029	NoChange	3	6	0	2000
111	7	17	4	6	1	2000	202	903	37	1	6	0	2000
111	7	18	2	2	1	2000	202	791	40	4	6	1	2000
111	7	19	4	4	0	2000	201	842	NoChange	2	2	1	2000
111	7	20	3	2	0	2000	201	1868	NoChange	4	4	0	2000
111	7	21	2	2	0	2000	201	1365	NoChange	3	2	0	2000
111	7	22	1	6	1	2000	202	850	1173	2	2	0	2000
111	7	23	4	2	0	2000	201	987	NoChange	1	6	1	2000
111	7	24	1	2	0	2000	201	575	NoChange	4	2	0	2000
111	7	25	1	2	1	2000	202	988	1180	1	2	0	2000
111	7	26	1	2	1	2000	202	856	1183	1	2	1	2000
111	7	27	3	4	1	2000	211	1585	38	1	2	1	2000
111	7	28	4	4	1	2000	202	997	38	3	4	1	2000
111	7	29	4	2	1	2000	202	753	39	4	4	1	2000
111	7	30	4	2	0	2000	201	822	NoChange	4	2	1	2000
111	7	31	1	4	0	2000	212	1697	NoChange	4	2	0	2000
111	7	32	4	2	1	2000	202	1593	40	1	4	0	2000
111	7	33	2	2	0	2000	201	909	NoChange	4	2	1	2000
111	7	34	3	4	0	2000	201	796	NoChange	2	2	0	2000
111	7	35	2	4	1	2000	211	1152	41	3	4	0	2000
111	7	36	3	6	1	2000	202	1021	39	2	4	1	2000
111	7	37	1	4	0	2000	212	1360	NoChange	3	6	1	2000
111	7	38	2	6	0	2000	212	901	NoChange	1	4	0	2000
111	7	39	3	4	1	2000	211	1677	40	2	6	0	2000
111	7	40	3	6	1	2000	202	941	41	3	4	1	2000
111	7	41	1	4	1	2000	202	883	1234	3	6	1	2000
111	7	42	3	2	1	2000	202	995	42	1	4	1	2000
111	7	43	1	2	0	2000	201	1663	NoChange	3	2	1	2000
111	7	44	4	6	0	2000	201	825	NoChange	1	2	0	2000
111	7	45	2	6	1	2000	202	2547	42	4	6	0	2000
111	7	46	4	4	0	2000	201	1194	NoChange	2	6	1	2000
111	7	47	4	4	1	2000	202	830	41	4	4	0	2000
111	7	48	4	6	1	2000	202	752	42	4	4	1	2000
111	8	1	1	4	1	2000	202	772	1265	0	0	0	
111	8	2	2	2	1	2000	202	2017	43	1	4	1	2000
111	8	3	4	2	1	2000	202	932	43	2	2	1	2000
111	8	4	3	4	1	2000	202	946	43	4	2	1	2000
111	8	5	4	4	0	2000	201	896	NoChange	3	4	1	2000
111	8	6	1	6	0	2000	201	871	NoChange	4	4	0	2000
111	8	7	1	4	0	2000	201	904	NoChange	1	6	0	2000
111	8	8	3	2	0	2000	201	1727	NoChange	1	4	0	2000
111	8	9	3	6	0	2000	201	5214	NoChange	3	2	0	2000
111	8	10	1	2	0	2000	201	1042	NoChange	3	6	0	2000
111	8	11	2	4	1	2000	202	1796	44	1	2	0	2000
111	8	12	1	6	1	2000	202	1248	1304	2	4	1	2000
111	8	13	2	6	0	2000	201	1218	NoChange	1	6	1	2000
111	8	14	4	2	0	2000	201	853	NoChange	2	6	0	2000
111	8	15	3	2	1	2000	202	1446	44	4	2	0	2000
111	8	16	4	6	1	2000	202	856	44	3	2	1	2000
111	8	17	1	2	1	2000	202	753	1321	4	6	1	2000
111	8	18	3	2	0	2000	201	4390	NoChange	1	2	1	2000
111	8	19	4	6	0	2000	201	1219	NoChange	3	2	0	2000
111	8	20	3	4	1	2000	202	1342	45	4	6	0	2000
111	8	21	1	2	0	2000	201	1396	NoChange	3	4	1	2000
111	8	22	1	6	0	2000	201	1560	NoChange	1	2	0	2000
111	8	23	2	6	1	2000	202	1750	45	1	6	0	2000
111	8	24	2	6	1	2000	202	2331	46	2	6	1	2000
111	8	25	1	4	1	2000	202	922	1355	2	6	1	2000
111	8	26	4	4	1	2000	202	848	45	1	4	1	2000
111	8	27	2	2	0	2000	201	986	NoChange	4	4	1	2000
111	8	28	4	4	0	2000	201	957	NoChange	2	2	0	2000
111	8	29	1	2	1	2000	202	659	1367	4	4	0	2000
111	8	30	3	6	1	2000	211	1796	46	1	2	1	2000
111	8	31	2	2	0	2000	201	728	NoChange	3	6	1	2000
111	8	32	3	6	1	2000	202	951	47	2	2	0	2000
111	8	33	2	4	0	2000	201	580	NoChange	3	6	1	2000
111	8	34	3	4	0	2000	201	1080	NoChange	2	4	0	2000
111	8	35	2	6	0	2000	201	585	NoChange	3	4	0	2000
111	8	36	1	6	1	2000	202	821	1400	2	6	0	2000
111	8	37	4	2	1	2000	202	839	46	1	6	1	2000
111	8	38	4	2	0	2000	201	2281	NoChange	4	2	1	2000
111	8	39	4	6	1	2000	202	1138	47	4	2	0	2000
111	8	40	4	4	1	2000	202	1776	48	4	6	1	2000
111	8	41	4	6	0	2000	201	3668	NoChange	4	4	1	2000
111	8	42	3	4	0	2000	201	958	NoChange	4	6	0	2000
111	8	43	3	6	0	2000	201	771	NoChange	3	4	0	2000
111	8	44	2	2	1	2000	202	920	47	3	6	0	2000
111	8	45	1	4	0	2000	201	1214	NoChange	2	2	1	2000
111	8	46	3	2	1	2000	202	1442	48	1	4	0	2000
111	8	47	2	4	1	2000	211	2196	48	3	2	1	2000
111	8	48	2	4	0	2000	201	744	NoChange	2	4	1	2000
111	9	1	2	6	1	2000	211	1378	49	0	0	0	
111	9	2	4	2	0	2000	201	1183	NoChange	2	6	1	2000
111	9	3	3	4	1	2000	202	1067	49	4	2	0	2000
111	9	4	4	6	1	2000	202	787	49	3	4	1	2000
111	9	5	4	4	1	2000	202	743	50	4	6	1	2000
111	9	6	2	2	0	2000	201	941	NoChange	4	4	1	2000
111	9	7	2	6	0	2000	201	795	NoChange	2	2	0	2000
111	9	8	4	6	0	2000	201	703	NoChange	2	6	0	2000
111	9	9	2	4	0	2000	201	806	NoChange	4	6	0	2000
111	9	10	3	6	1	2000	202	1673	50	2	4	0	2000
111	9	11	2	2	0	2000	201	642	NoChange	3	6	1	2000
111	9	12	3	2	1	2000	202	820	51	2	2	0	2000
111	9	13	3	4	1	2000	202	1031	52	3	2	1	2000
111	9	14	1	2	0	2000	201	1121	NoChange	3	4	1	2000
111	9	15	4	2	1	2000	202	976	51	1	2	0	2000
111	9	16	3	6	1	2000	202	1580	53	4	2	1	2000
111	9	17	3	6	0	2000	212	825	NoChange	3	6	1	2000
111	9	18	3	2	0	2000	201	1588	NoChange	3	6	0	2000
111	9	19	4	4	0	2000	201	1048	NoChange	3	2	0	2000
111	9	20	1	4	0	2000	212	1330	NoChange	4	4	0	2000
111	9	21	2	4	1	2000	202	905	50	1	4	0	2000
111	9	22	3	6	0	2000	212	1360	NoChange	2	4	1	2000
111	9	23	4	6	0	2000	201	1805	NoChange	3	6	0	2000
111	9	24	4	2	1	2000	202	657	52	4	6	0	2000
111	9	25	3	4	0	2000	201	826	NoChange	4	2	1	2000
111	9	26	4	2	0	2000	201	1020	NoChange	3	4	0	2000
111	9	27	1	2	0	2000	201	783	NoChange	4	2	0	2000
111	9	28	1	4	1	2000	202	795	1540	1	2	0	2000
111	9	29	1	2	1	2000	202	807	1543	1	4	1	2000
111	9	30	1	2	1	2000	202	626	1546	1	2	1	2000
111	9	31	4	4	1	2000	202	940	53	1	2	1	2000
111	9	32	1	4	1	2000	202	762	1554	4	4	1	2000
111	9	33	2	6	1	2000	202	919	51	1	4	1	2000
111	9	34	1	4	0	2000	201	918	NoChange	2	6	1	2000
111	9	35	1	6	1	2000	211	2085	1570	1	4	0	2000
111	9	36	1	6	1	2000	202	1109	1577	1	6	1	2000
111	9	37	2	2	1	2000	202	1660	52	1	6	1	2000
111	9	38	4	6	1	2000	202	1566	54	2	2	1	2000
111	9	39	2	6	0	2000	212	2411	NoChange	4	6	1	2000
111	9	40	2	2	1	2000	202	1350	53	2	6	0	2000
111	9	41	2	4	1	2000	211	2292	54	2	2	1	2000
111	9	42	3	2	1	2000	211	1452	54	2	4	1	2000
111	9	43	3	4	0	2000	201	566	NoChange	3	2	1	2000
111	9	44	4	4	0	2000	201	1962	NoChange	3	4	0	2000
111	9	45	1	6	0	2000	201	640	NoChange	4	4	0	2000
111	9	46	1	6	0	2000	201	858	NoChange	1	6	0	2000
111	9	47	3	2	0	2000	201	1059	NoChange	1	6	0	2000
111	9	48	2	4	0	2000	201	892	NoChange	3	2	0	2000
111	10	1	1	2	1	2000	202	823	1623	0	0	0	
111	10	2	4	2	0	2000	201	594	NoChange	1	2	1	2000
111	10	3	3	2	0	2000	201	1478	NoChange	4	2	0	2000
111	10	4	1	4	0	2000	212	2718	NoChange	3	2	0	2000
111	10	5	2	2	0	2000	201	1318	NoChange	1	4	0	2000
111	10	6	1	4	1	2000	202	1124	1638	2	2	0	2000
111	10	7	2	6	1	2000	202	787	55	1	4	1	2000
111	10	8	4	4	1	2000	202	999	55	2	6	1	2000
111	10	9	1	2	0	2000	201	1226	NoChange	4	4	1	2000
111	10	10	2	2	1	2000	202	1397	56	1	2	0	2000
111	10	11	1	4	0	2000	201	913	NoChange	2	2	1	2000
111	10	12	3	6	0	2000	201	840	NoChange	1	4	0	2000
111	10	13	2	6	0	2000	201	1082	NoChange	3	6	0	2000
111	10	14	2	6	1	2000	202	874	57	2	6	0	2000
111	10	15	4	6	0	2000	201	995	NoChange	2	6	1	2000
111	10	16	2	2	0	2000	201	1807	NoChange	4	6	0	2000
111	10	17	4	2	1	2000	202	938	56	2	2	0	2000
111	10	18	2	6	0	2000	212	2768	NoChange	4	2	1	2000
111	10	19	1	6	1	2000	202	677	1692	2	6	0	2000
111	10	20	1	6	0	2000	201	1454	NoChange	1	6	1	2000
111	10	21	3	2	1	2000	202	1071	55	1	6	0	2000
111	10	22	4	6	1	2000	211	1184	57	3	2	1	2000
111	10	23	3	4	0	2000	201	972	NoChange	4	6	1	2000
111	10	24	4	6	1	2000	211	1273	58	3	4	0	2000
111	10	25	3	4	1	2000	202	1049	56	4	6	1	2000
111	10	26	4	4	0	2000	201	1194	NoChange	3	4	1	2000
111	10	27	1	2	0	2000	201	694	NoChange	4	4	0	2000
111	10	28	2	2	1	2000	202	750	58	1	2	0	2000
111	10	29	2	4	0	2000	201	795	NoChange	2	2	1	2000
111	10	30	4	4	1	2000	202	2007	59	2	4	0	2000
111	10	31	1	6	0	2000	201	1627	NoChange	4	4	1	2000
111	10	32	4	4	0	2000	201	1382	NoChange	1	6	0	2000
111	10	33	1	2	1	2000	202	826	1743	4	4	0	2000
111	10	34	2	4	1	2000	202	988	59	1	2	1	2000
111	10	35	3	6	1	2000	211	1632	57	2	4	1	2000
111	10	36	1	6	1	2000	202	739	1758	3	6	1	2000
111	10	37	3	2	0	2000	201	1192	NoChange	1	6	1	2000
111	10	38	4	2	1	2000	202	780	60	3	2	0	2000
111	10	39	4	6	0	2000	201	761	NoChange	4	2	1	2000
111	10	40	3	6	0	2000	212	1150	NoChange	4	6	0	2000
111	10	41	3	2	1	2000	202	1883	58	3	6	0	2000
111	10	42	2	4	0	2000	201	1148	NoChange	3	2	1	2000
111	10	43	4	2	0	2000	201	1026	NoChange	2	4	0	2000
111	10	44	1	4	1	2000	202	980	1785	4	2	0	2000
111	10	45	2	4	1	2000	211	1161	60	1	4	1	2000
111	10	46	3	6	1	2000	202	1006	59	2	4	1	2000
111	10	47	3	4	1	2000	202	1689	60	3	6	1	2000
111	10	48	3	4	0	2000	201	850	NoChange	3	4	1	2000
111	11	1	4	6	0	2000	212	3699	NoChange	0	0	0	
111	11	2	3	2	1	2000	211	1259	61	4	6	0	2000
111	11	3	1	4	1	2000	202	725	1812	3	2	1	2000
111	11	4	3	6	1	2000	211	1491	62	1	4	1	2000
111	11	5	1	6	0	2000	201	851	NoChange	3	6	1	2000
111	11	6	3	6	0	2000	201	1380	NoChange	1	6	0	2000
111	11	7	3	2	0	2000	201	841	NoChange	3	6	0	2000
111	11	8	1	6	1	2000	202	907	1838	3	2	0	2000
111	11	9	3	2	1	2000	202	1162	63	1	6	1	2000
111	11	10	3	6	1	2000	202	760	64	3	2	1	2000
111	11	11	2	6	0	2000	201	1485	NoChange	3	6	1	2000
111	11	12	4	2	0	2000	201	1213	NoChange	2	6	0	2000
111	11	13	4	4	1	2000	202	944	61	4	2	0	2000
111	11	14	1	4	0	2000	201	790	NoChange	4	4	1	2000
111	11	15	1	2	0	2000	201	1170	NoChange	1	4	0	2000
111	11	16	4	4	0	2000	201	671	NoChange	1	2	0	2000
111	11	17	4	6	1	2000	211	1255	62	4	4	0	2000
111	11	18	3	6	0	2000	212	1080	NoChange	4	6	1	2000
111	11	19	2	4	1	2000	211	793	61	3	6	0	2000
111	11	20	1	2	1	2000	202	685	1882	2	4	1	2000
111	11	21	1	6	0	2000	201	1781	NoChange	1	2	1	2000
111	11	22	2	2	0	2000	201	626	NoChange	1	6	0	2000
111	11	23	4	2	1	2000	202	748	63	2	2	0	2000
111	11	24	3	4	1	2000	211	1065	65	4	2	1	2000
111	11	25	2	6	1	2000	202	834	62	3	4	1	2000
111	11	26	4	2	0	2000	201	1292	NoChange	2	6	1	2000
111	11	27	3	4	0	2000	201	940	NoChange	4	2	0	2000
111	11	28	2	2	1	2000	202	842	63	3	4	0	2000
111	11	29	2	4	0	2000	201	1372	NoChange	2	2	1	2000
111	11	30	2	4	1	2000	202	1264	64	2	4	0	2000
111	11	31	2	6	1	2000	202	1890	65	2	4	1	2000
111	11	32	3	4	1	2000	202	1418	66	2	6	1	2000
111	11	33	2	6	0	2000	212	853	NoChange	3	4	1	2000
111	11	34	1	4	0	2000	201	1110	NoChange	2	6	0	2000
111	11	35	1	6	1	2000	202	885	1938	1	4	0	2000
111	11	36	4	6	1	2000	202	789	64	1	6	1	2000
111	11	37	4	4	0	2000	201	1537	NoChange	4	6	1	2000
111	11	38	2	2	1	2000	202	871	66	4	4	0	2000
111	11	39	1	4	1	2000	202	808	1953	2	2	1	2000
111	11	40	1	2	0	2000	201	715	NoChange	1	4	1	2000
111	11	41	1	2	1	2000	202	865	1958	1	2	0	2000
111	11	42	2	4	0	2000	201	1402	NoChange	1	2	1	2000
111	11	43	4	6	0	2000	212	1605	NoChange	2	4	0	2000
111	11	44	4	4	1	2000	202	809	65	4	6	0	2000
111	11	45	3	4	0	2000	201	1052	NoChange	4	4	1	2000
111	11	46	4	2	1	2000	202	933	66	3	4	0	2000
111	11	47	2	2	0	2000	201	859	NoChange	4	2	1	2000
111	11	48	3	2	0	2000	201	876	NoChange	2	2	0	2000
111	12	1	1	4	0	2000	201	3422	NoChange	0	0	0	
111	12	2	4	4	0	2000	201	1953	NoChange	1	4	0	2000
111	12	3	4	6	0	2000	201	791	NoChange	4	4	0	2000
111	12	4	2	2	1	2000	202	1491	67	4	6	0	2000
111	12	5	2	4	1	2000	211	819	68	2	2	1	2000
111	12	6	2	6	0	2000	201	1101	NoChange	2	4	1	2000
111	12	7	2	6	1	2000	202	1037	69	2	6	0	2000
111	12	8	2	4	0	2000	201	959	NoChange	2	6	1	2000
111	12	9	2	4	1	2000	211	788	70	2	4	0	2000
111	12	10	3	2	0	2000	201	904	NoChange	2	4	1	2000
111	12	11	1	4	1	2000	202	839	2023	3	2	0	2000
111	12	12	2	2	1	2000	202	1561	71	1	4	1	2000
111	12	13	3	4	0	2000	201	1886	NoChange	2	2	1	2000
111	12	14	4	4	1	2000	202	1166	67	3	4	0	2000
111	12	15	1	2	0	2000	201	1475	NoChange	4	4	1	2000
111	12	16	2	4	0	2000	212	1500	NoChange	1	2	0	2000
111	12	17	1	4	1	2000	202	763	2042	2	4	0	2000
111	12	18	2	6	0	2000	201	1497	NoChange	1	4	1	2000
111	12	19	1	2	1	2000	202	633	2051	2	6	0	2000
111	12	20	2	2	0	2000	201	1090	NoChange	1	2	1	2000
111	12	21	3	6	0	2000	201	1122	NoChange	2	2	0	2000
111	12	22	3	4	0	2000	201	817	NoChange	3	6	0	2000
111	12	23	1	6	0	2000	201	1188	NoChange	3	4	0	2000
111	12	24	3	4	1	2000	202	1368	67	1	6	0	2000
111	12	25	4	2	1	2000	202	924	68	3	4	1	2000
111	12	26	1	2	0	2000	201	571	NoChange	4	2	1	2000
111	12	27	2	2	0	2000	212	1735	NoChange	1	2	0	2000
111	12	28	2	6	1	2000	202	1110	72	2	2	0	2000
111	12	29	3	2	0	2000	201	829	NoChange	2	6	1	2000
111	12	30	3	2	1	2000	202	847	68	3	2	0	2000
111	12	31	3	2	1	2000	202	969	69	3	2	1	2000
111	12	32	3	6	0	2000	212	918	NoChange	3	2	1	2000
111	12	33	4	4	0	2000	201	868	NoChange	3	6	0	2000
111	12	34	4	6	1	2000	211	1229	69	4	4	0	2000
111	12	35	4	6	0	2000	201	2056	NoChange	4	6	1	2000
111	12	36	1	2	1	2000	202	817	2110	4	6	0	2000
111	12	37	4	4	1	2000	211	892	70	1	2	1	2000
111	12	38	3	6	1	2000	202	1548	70	4	4	1	2000
111	12	39	3	6	1	2000	211	1650	71	3	6	1	2000
111	12	40	4	2	0	2000	201	755	NoChange	3	6	1	2000
111	12	41	4	2	0	2000	201	737	NoChange	4	2	0	2000
111	12	42	1	6	1	2000	202	926	2134	4	2	0	2000
111	12	43	1	4	0	2000	201	1581	NoChange	1	6	1	2000
111	12	44	3	4	1	2000	202	762	72	1	4	0	2000
111	12	45	4	2	1	2000	202	935	71	3	4	1	2000
111	12	46	1	6	0	2000	201	1541	NoChange	4	2	1	2000
111	12	47	1	6	1	2000	202	1371	2155	1	6	0	2000
111	12	48	4	6	1	2000	202	3024	72	1	6	1	2000
