#subject	block	trial	condition	setsize	change	time	responses	time	Pic	prev_condition	prev_setsize	prev_change	prev_time
208	1	1	3	6	1	2000	211	1816	1	0	0	0	
208	1	2	3	2	1	2000	202	1915	2	3	6	1	2000
208	1	3	4	4	0	2000	201	1810	NoChange	3	2	1	2000
208	1	4	4	6	0	2000	212	1422	NoChange	4	4	0	2000
208	1	5	4	4	1	2000	202	1345	1	4	6	0	2000
208	1	6	3	6	0	2000	212	1023	NoChange	4	4	1	2000
208	1	7	1	4	1	2000	202	2609	30	3	6	0	2000
208	1	8	1	2	1	2000	202	933	33	1	4	1	2000
208	1	9	3	4	0	2000	201	1171	NoChange	1	2	1	2000
208	1	10	2	4	1	2000	202	1496	1	3	4	0	2000
208	1	11	1	2	1	2000	202	1344	43	2	4	1	2000
208	1	12	4	2	1	2000	202	1590	2	1	2	1	2000
208	1	13	2	4	1	2000	202	1346	2	4	2	1	2000
208	1	14	1	6	0	2000	201	1584	NoChange	2	4	1	2000
208	1	15	4	2	1	2000	202	860	3	1	6	0	2000
208	1	16	4	4	0	2000	201	1021	NoChange	4	2	1	2000
208	1	17	3	2	1	2000	202	1336	3	4	4	0	2000
208	1	18	4	6	1	2000	202	1022	4	3	2	1	2000
208	1	19	1	2	0	2000	201	953	NoChange	4	6	1	2000
208	1	20	2	6	0	2000	201	1438	NoChange	1	2	0	2000
208	1	21	2	2	0	2000	201	1336	NoChange	2	6	0	2000
208	1	22	2	6	1	2000	202	1078	3	2	2	0	2000
208	1	23	4	6	1	2000	202	1231	5	2	6	1	2000
208	1	24	4	4	1	2000	211	1281	6	4	6	1	2000
208	1	25	3	2	0	2000	201	1258	NoChange	4	4	1	2000
208	1	26	4	2	0	2000	201	859	NoChange	3	2	0	2000
208	1	27	1	6	0	2000	201	1028	NoChange	4	2	0	2000
208	1	28	2	6	1	2000	202	1703	4	1	6	0	2000
208	1	29	2	4	0	2000	201	886	NoChange	2	6	1	2000
208	1	30	3	2	0	2000	201	766	NoChange	2	4	0	2000
208	1	31	3	4	0	2000	201	1107	NoChange	3	2	0	2000
208	1	32	2	2	1	2000	202	1314	5	3	4	0	2000
208	1	33	1	2	0	2000	201	1033	NoChange	2	2	1	2000
208	1	34	2	2	1	2000	202	963	6	1	2	0	2000
208	1	35	2	6	0	2000	201	1273	NoChange	2	2	1	2000
208	1	36	1	4	0	2000	201	1345	NoChange	2	6	0	2000
208	1	37	4	2	0	2000	201	1119	NoChange	1	4	0	2000
208	1	38	3	4	1	2000	202	2846	4	4	2	0	2000
208	1	39	2	2	0	2000	201	921	NoChange	3	4	1	2000
208	1	40	4	6	0	2000	212	1375	NoChange	2	2	0	2000
208	1	41	3	6	1	2000	211	1076	5	4	6	0	2000
208	1	42	1	4	1	2000	211	1981	149	3	6	1	2000
208	1	43	3	6	0	2000	212	1186	NoChange	1	4	1	2000
208	1	44	1	6	1	2000	202	1454	162	3	6	0	2000
208	1	45	1	6	1	2000	202	1135	169	1	6	1	2000
208	1	46	3	4	1	2000	202	1861	6	1	6	1	2000
208	1	47	1	4	0	2000	201	1095	NoChange	3	4	1	2000
208	1	48	2	4	0	2000	201	1487	NoChange	1	4	0	2000
208	2	1	4	6	1	2000	202	1135	7	0	0	0	
208	2	2	1	6	1	2000	202	821	192	4	6	1	2000
208	2	3	4	2	0	2000	201	872	NoChange	1	6	1	2000
208	2	4	3	2	0	2000	201	816	NoChange	4	2	0	2000
208	2	5	3	4	1	2000	202	1259	7	3	2	0	2000
208	2	6	2	4	0	2000	201	900	NoChange	3	4	1	2000
208	2	7	2	6	0	2000	201	964	NoChange	2	4	0	2000
208	2	8	3	6	0	2000	201	1281	NoChange	2	6	0	2000
208	2	9	1	4	1	2000	202	898	220	3	6	0	2000
208	2	10	2	2	0	2000	201	1409	NoChange	1	4	1	2000
208	2	11	1	4	0	2000	201	733	NoChange	2	2	0	2000
208	2	12	4	2	0	2000	201	691	NoChange	1	4	0	2000
208	2	13	3	2	0	2000	212	1307	NoChange	4	2	0	2000
208	2	14	2	2	0	2000	201	1018	NoChange	3	2	0	2000
208	2	15	2	2	1	2000	202	1444	7	2	2	0	2000
208	2	16	3	6	1	2000	202	1279	8	2	2	1	2000
208	2	17	1	2	0	2000	201	911	NoChange	3	6	1	2000
208	2	18	2	6	1	2000	202	1055	8	1	2	0	2000
208	2	19	1	4	1	2000	202	1536	250	2	6	1	2000
208	2	20	1	6	0	2000	212	1374	NoChange	1	4	1	2000
208	2	21	2	4	1	2000	202	1315	9	1	6	0	2000
208	2	22	2	6	0	2000	201	1009	NoChange	2	4	1	2000
208	2	23	4	4	0	2000	201	1293	NoChange	2	6	0	2000
208	2	24	1	2	1	2000	202	917	272	4	4	0	2000
208	2	25	1	6	1	2000	202	1011	279	1	2	1	2000
208	2	26	1	4	0	2000	201	1231	NoChange	1	6	1	2000
208	2	27	4	6	1	2000	202	1089	8	1	4	0	2000
208	2	28	1	2	0	2000	201	1105	NoChange	4	6	1	2000
208	2	29	3	6	1	2000	202	1305	9	1	2	0	2000
208	2	30	1	6	0	2000	201	1016	NoChange	3	6	1	2000
208	2	31	4	4	0	2000	201	810	NoChange	1	6	0	2000
208	2	32	3	2	1	2000	202	1294	10	4	4	0	2000
208	2	33	4	2	1	2000	202	1118	9	3	2	1	2000
208	2	34	3	4	0	2000	201	1476	NoChange	4	2	1	2000
208	2	35	2	4	1	2000	202	1221	10	3	4	0	2000
208	2	36	3	6	0	2000	212	1240	NoChange	2	4	1	2000
208	2	37	2	4	0	2000	201	746	NoChange	3	6	0	2000
208	2	38	4	6	0	2000	201	1192	NoChange	2	4	0	2000
208	2	39	4	6	0	2000	201	1036	NoChange	4	6	0	2000
208	2	40	4	4	1	2000	211	2046	10	4	6	0	2000
208	2	41	4	2	1	2000	202	1304	11	4	4	1	2000
208	2	42	2	2	1	2000	202	903	11	4	2	1	2000
208	2	43	3	2	1	2000	211	1495	11	2	2	1	2000
208	2	44	3	4	1	2000	211	1423	12	3	2	1	2000
208	2	45	3	4	0	2000	201	1426	NoChange	3	4	1	2000
208	2	46	2	6	1	2000	211	1052	12	3	4	0	2000
208	2	47	1	2	1	2000	202	1974	357	2	6	1	2000
208	2	48	4	4	1	2000	211	2059	12	1	2	1	2000
208	3	1	3	6	1	2000	202	1452	13	0	0	0	
208	3	2	2	2	0	2000	201	925	NoChange	3	6	1	2000
208	3	3	2	2	0	2000	201	811	NoChange	2	2	0	2000
208	3	4	3	4	0	2000	201	951	NoChange	2	2	0	2000
208	3	5	3	2	1	2000	211	1484	14	3	4	0	2000
208	3	6	3	4	0	2000	201	980	NoChange	3	2	1	2000
208	3	7	4	6	1	2000	211	977	13	3	4	0	2000
208	3	8	1	6	0	2000	212	1773	NoChange	4	6	1	2000
208	3	9	1	4	1	2000	202	1554	394	1	6	0	2000
208	3	10	4	2	0	2000	201	1032	NoChange	1	4	1	2000
208	3	11	1	2	1	2000	202	1090	399	4	2	0	2000
208	3	12	3	4	1	2000	202	1402	15	1	2	1	2000
208	3	13	3	2	1	2000	211	1421	16	3	4	1	2000
208	3	14	2	4	0	2000	201	1232	NoChange	3	2	1	2000
208	3	15	4	6	0	2000	212	1082	NoChange	2	4	0	2000
208	3	16	1	2	0	2000	201	978	NoChange	4	6	0	2000
208	3	17	3	2	0	2000	201	806	NoChange	1	2	0	2000
208	3	18	4	2	1	2000	202	1170	14	3	2	0	2000
208	3	19	1	4	0	2000	201	974	NoChange	4	2	1	2000
208	3	20	3	4	1	2000	202	1531	17	1	4	0	2000
208	3	21	2	4	0	2000	201	1090	NoChange	3	4	1	2000
208	3	22	3	6	1	2000	202	2042	18	2	4	0	2000
208	3	23	1	6	1	2000	211	956	441	3	6	1	2000
208	3	24	4	4	1	2000	202	1353	15	1	6	1	2000
208	3	25	2	6	0	2000	212	831	NoChange	4	4	1	2000
208	3	26	4	6	0	2000	201	1233	NoChange	2	6	0	2000
208	3	27	3	6	0	2000	201	843	NoChange	4	6	0	2000
208	3	28	1	4	1	2000	202	1189	467	3	6	0	2000
208	3	29	2	6	0	2000	201	1633	NoChange	1	4	1	2000
208	3	30	1	2	1	2000	202	1395	476	2	6	0	2000
208	3	31	1	4	0	2000	201	1575	NoChange	1	2	1	2000
208	3	32	4	6	1	2000	202	1764	16	1	4	0	2000
208	3	33	3	6	0	2000	201	1602	NoChange	4	6	1	2000
208	3	34	4	4	0	2000	201	1101	NoChange	3	6	0	2000
208	3	35	2	4	1	2000	202	1300	13	4	4	0	2000
208	3	36	2	6	1	2000	202	1436	14	2	4	1	2000
208	3	37	1	6	1	2000	202	1238	510	2	6	1	2000
208	3	38	2	6	1	2000	211	1088	15	1	6	1	2000
208	3	39	4	4	1	2000	202	1000	17	2	6	1	2000
208	3	40	4	4	0	2000	201	851	NoChange	4	4	1	2000
208	3	41	3	2	0	2000	201	828	NoChange	4	4	0	2000
208	3	42	2	2	1	2000	202	887	16	3	2	0	2000
208	3	43	4	2	0	2000	201	1039	NoChange	2	2	1	2000
208	3	44	1	2	0	2000	201	1377	NoChange	4	2	0	2000
208	3	45	2	2	1	2000	211	1134	17	1	2	0	2000
208	3	46	2	4	1	2000	202	2348	18	2	2	1	2000
208	3	47	1	6	0	2000	212	1625	NoChange	2	4	1	2000
208	3	48	4	2	1	2000	202	1236	18	1	6	0	2000
208	4	1	3	6	1	2000	202	1260	19	0	0	0	
208	4	2	1	2	1	2000	202	965	548	3	6	1	2000
208	4	3	3	2	0	2000	201	738	NoChange	1	2	1	2000
208	4	4	2	2	1	2000	202	1424	19	3	2	0	2000
208	4	5	2	2	0	2000	201	955	NoChange	2	2	1	2000
208	4	6	2	4	1	2000	202	1280	20	2	2	0	2000
208	4	7	1	6	0	2000	201	913	NoChange	2	4	1	2000
208	4	8	2	2	1	2000	202	1048	21	1	6	0	2000
208	4	9	1	4	1	2000	202	1210	568	2	2	1	2000
208	4	10	4	6	1	2000	211	1213	19	1	4	1	2000
208	4	11	4	6	0	2000	212	1464	NoChange	4	6	1	2000
208	4	12	4	4	0	2000	201	1090	NoChange	4	6	0	2000
208	4	13	2	6	1	2000	211	786	22	4	4	0	2000
208	4	14	3	6	1	2000	211	1030	20	2	6	1	2000
208	4	15	3	4	1	2000	202	1208	21	3	6	1	2000
208	4	16	4	2	1	2000	202	2412	20	3	4	1	2000
208	4	17	3	6	0	2000	201	1016	NoChange	4	2	1	2000
208	4	18	4	2	1	2000	202	1002	21	3	6	0	2000
208	4	19	2	4	0	2000	201	1157	NoChange	4	2	1	2000
208	4	20	4	4	1	2000	202	955	22	2	4	0	2000
208	4	21	3	4	0	2000	212	1224	NoChange	4	4	1	2000
208	4	22	1	4	0	2000	201	995	NoChange	3	4	0	2000
208	4	23	4	2	0	2000	201	1055	NoChange	1	4	0	2000
208	4	24	1	6	1	2000	202	1056	628	4	2	0	2000
208	4	25	1	6	0	2000	201	713	NoChange	1	6	1	2000
208	4	26	1	4	1	2000	202	976	639	1	6	0	2000
208	4	27	2	4	1	2000	202	1157	23	1	4	1	2000
208	4	28	4	2	0	2000	201	1842	NoChange	2	4	1	2000
208	4	29	2	2	0	2000	201	1181	NoChange	4	2	0	2000
208	4	30	3	4	1	2000	211	857	22	2	2	0	2000
208	4	31	4	4	1	2000	202	1338	23	3	4	1	2000
208	4	32	2	6	0	2000	201	952	NoChange	4	4	1	2000
208	4	33	2	6	1	2000	202	1318	24	2	6	0	2000
208	4	34	1	2	0	2000	201	964	NoChange	2	6	1	2000
208	4	35	3	2	1	2000	211	930	23	1	2	0	2000
208	4	36	2	4	0	2000	201	744	NoChange	3	2	1	2000
208	4	37	1	2	1	2000	202	1262	673	2	4	0	2000
208	4	38	3	2	0	2000	201	1775	NoChange	1	2	1	2000
208	4	39	4	4	0	2000	201	1316	NoChange	3	2	0	2000
208	4	40	3	4	0	2000	201	1187	NoChange	4	4	0	2000
208	4	41	3	2	1	2000	202	1319	24	3	4	0	2000
208	4	42	2	6	0	2000	212	1262	NoChange	3	2	1	2000
208	4	43	3	6	0	2000	201	959	NoChange	2	6	0	2000
208	4	44	4	6	0	2000	201	844	NoChange	3	6	0	2000
208	4	45	1	4	0	2000	201	1534	NoChange	4	6	0	2000
208	4	46	1	2	0	2000	201	1028	NoChange	1	4	0	2000
208	4	47	4	6	1	2000	211	935	24	1	2	0	2000
208	4	48	1	6	1	2000	202	5333	720	4	6	1	2000
208	5	1	3	6	1	2000	202	1096	25	0	0	0	
208	5	2	3	6	1	2000	202	1000	26	3	6	1	2000
208	5	3	1	6	1	2000	202	1371	737	3	6	1	2000
208	5	4	2	4	1	2000	211	1136	25	1	6	1	2000
208	5	5	3	2	0	2000	201	758	NoChange	2	4	1	2000
208	5	6	1	2	1	2000	202	851	745	3	2	0	2000
208	5	7	2	6	0	2000	201	732	NoChange	1	2	1	2000
208	5	8	1	6	0	2000	201	650	NoChange	2	6	0	2000
208	5	9	3	4	1	2000	202	1091	27	1	6	0	2000
208	5	10	2	2	0	2000	212	851	NoChange	3	4	1	2000
208	5	11	2	2	1	2000	202	1444	26	2	2	0	2000
208	5	12	1	2	0	2000	201	886	NoChange	2	2	1	2000
208	5	13	4	4	0	2000	201	2574	NoChange	1	2	0	2000
208	5	14	1	6	1	2000	202	1395	776	4	4	0	2000
208	5	15	1	4	1	2000	202	2351	781	1	6	1	2000
208	5	16	2	6	1	2000	211	1773	27	1	4	1	2000
208	5	17	4	2	0	2000	201	866	NoChange	2	6	1	2000
208	5	18	3	2	1	2000	202	1675	28	4	2	0	2000
208	5	19	3	6	0	2000	212	1155	NoChange	3	2	1	2000
208	5	20	2	2	1	2000	202	1577	28	3	6	0	2000
208	5	21	2	4	0	2000	201	1062	NoChange	2	2	1	2000
208	5	22	1	4	0	2000	201	839	NoChange	2	4	0	2000
208	5	23	3	2	1	2000	202	1457	29	1	4	0	2000
208	5	24	3	6	0	2000	212	1330	NoChange	3	2	1	2000
208	5	25	2	6	0	2000	212	1121	NoChange	3	6	0	2000
208	5	26	4	2	1	2000	202	1488	25	2	6	0	2000
208	5	27	4	4	1	2000	202	1208	26	4	2	1	2000
208	5	28	3	4	0	2000	201	843	NoChange	4	4	1	2000
208	5	29	4	4	0	2000	201	1781	NoChange	3	4	0	2000
208	5	30	3	2	0	2000	201	762	NoChange	4	4	0	2000
208	5	31	2	4	1	2000	202	1335	29	3	2	0	2000
208	5	32	4	6	1	2000	202	1101	27	2	4	1	2000
208	5	33	4	6	0	2000	212	1644	NoChange	4	6	1	2000
208	5	34	4	6	1	2000	202	1191	28	4	6	0	2000
208	5	35	4	6	0	2000	201	707	NoChange	4	6	1	2000
208	5	36	1	2	1	2000	202	914	859	4	6	0	2000
208	5	37	1	6	0	2000	212	1081	NoChange	1	2	1	2000
208	5	38	2	4	0	2000	201	834	NoChange	1	6	0	2000
208	5	39	3	4	0	2000	201	915	NoChange	2	4	0	2000
208	5	40	1	4	1	2000	202	1146	878	3	4	0	2000
208	5	41	2	6	1	2000	211	1008	30	1	4	1	2000
208	5	42	1	4	0	2000	201	787	NoChange	2	6	1	2000
208	5	43	2	2	0	2000	201	791	NoChange	1	4	0	2000
208	5	44	1	2	0	2000	201	1251	NoChange	2	2	0	2000
208	5	45	4	2	1	2000	202	908	29	1	2	0	2000
208	5	46	4	4	1	2000	202	1308	30	4	2	1	2000
208	5	47	4	2	0	2000	201	1027	NoChange	4	4	1	2000
208	5	48	3	4	1	2000	211	1038	30	4	2	0	2000
208	6	1	1	2	1	2000	202	1065	903	0	0	0	
208	6	2	2	6	0	2000	212	1106	NoChange	1	2	1	2000
208	6	3	3	2	1	2000	202	2209	31	2	6	0	2000
208	6	4	2	4	0	2000	201	1077	NoChange	3	2	1	2000
208	6	5	2	6	0	2000	212	1886	NoChange	2	4	0	2000
208	6	6	4	2	1	2000	211	1254	31	2	6	0	2000
208	6	7	2	2	1	2000	211	1791	31	4	2	1	2000
208	6	8	2	4	1	2000	202	899	32	2	2	1	2000
208	6	9	1	6	0	2000	212	1371	NoChange	2	4	1	2000
208	6	10	4	4	0	2000	201	1591	NoChange	1	6	0	2000
208	6	11	4	2	1	2000	202	900	32	4	4	0	2000
208	6	12	4	4	0	2000	201	1043	NoChange	4	2	1	2000
208	6	13	1	4	0	2000	201	1429	NoChange	4	4	0	2000
208	6	14	4	6	0	2000	212	1712	NoChange	1	4	0	2000
208	6	15	1	2	0	2000	201	991	NoChange	4	6	0	2000
208	6	16	2	6	1	2000	211	1387	33	1	2	0	2000
208	6	17	2	4	0	2000	201	847	NoChange	2	6	1	2000
208	6	18	2	2	0	2000	201	657	NoChange	2	4	0	2000
208	6	19	3	6	0	2000	201	842	NoChange	2	2	0	2000
208	6	20	3	6	1	2000	211	1140	32	3	6	0	2000
208	6	21	4	6	1	2000	202	1050	33	3	6	1	2000
208	6	22	1	6	0	2000	212	1227	NoChange	4	6	1	2000
208	6	23	3	2	0	2000	201	1182	NoChange	1	6	0	2000
208	6	24	4	6	1	2000	202	1874	34	3	2	0	2000
208	6	25	1	2	0	2000	201	947	NoChange	4	6	1	2000
208	6	26	4	2	0	2000	201	881	NoChange	1	2	0	2000
208	6	27	3	4	1	2000	211	1185	33	4	2	0	2000
208	6	28	2	6	1	2000	202	1349	34	3	4	1	2000
208	6	29	2	2	1	2000	202	1411	35	2	6	1	2000
208	6	30	4	2	0	2000	201	1006	NoChange	2	2	1	2000
208	6	31	1	4	0	2000	201	1041	NoChange	4	2	0	2000
208	6	32	3	4	1	2000	211	2203	34	1	4	0	2000
208	6	33	4	4	1	2000	202	999	35	3	4	1	2000
208	6	34	1	4	1	2000	202	1274	1022	4	4	1	2000
208	6	35	1	6	1	2000	202	1147	1029	1	4	1	2000
208	6	36	3	4	0	2000	201	785	NoChange	1	6	1	2000
208	6	37	1	6	1	2000	202	853	1040	3	4	0	2000
208	6	38	3	4	0	2000	201	790	NoChange	1	6	1	2000
208	6	39	3	6	1	2000	202	922	35	3	4	0	2000
208	6	40	3	2	1	2000	211	1561	36	3	6	1	2000
208	6	41	3	2	0	2000	201	950	NoChange	3	2	1	2000
208	6	42	3	6	0	2000	201	1467	NoChange	3	2	0	2000
208	6	43	2	2	0	2000	201	1044	NoChange	3	6	0	2000
208	6	44	4	4	1	2000	202	926	36	2	2	0	2000
208	6	45	1	4	1	2000	202	1165	1068	4	4	1	2000
208	6	46	2	4	1	2000	202	1402	36	1	4	1	2000
208	6	47	4	6	0	2000	212	1557	NoChange	2	4	1	2000
208	6	48	1	2	1	2000	202	819	1080	4	6	0	2000
208	7	1	2	6	1	2000	202	1214	37	0	0	0	
208	7	2	3	2	0	2000	201	961	NoChange	2	6	1	2000
208	7	3	4	2	0	2000	201	886	NoChange	3	2	0	2000
208	7	4	2	2	0	2000	201	798	NoChange	4	2	0	2000
208	7	5	3	4	0	2000	201	849	NoChange	2	2	0	2000
208	7	6	1	6	0	2000	201	1579	NoChange	3	4	0	2000
208	7	7	3	2	1	2000	202	1007	37	1	6	0	2000
208	7	8	2	4	0	2000	201	1635	NoChange	3	2	1	2000
208	7	9	1	6	0	2000	201	925	NoChange	2	4	0	2000
208	7	10	3	6	0	2000	201	756	NoChange	1	6	0	2000
208	7	11	4	2	1	2000	202	873	37	3	6	0	2000
208	7	12	2	4	1	2000	202	1073	38	4	2	1	2000
208	7	13	1	2	0	2000	201	1146	NoChange	2	4	1	2000
208	7	14	4	4	1	2000	211	968	38	1	2	0	2000
208	7	15	1	4	1	2000	202	1220	1132	4	4	1	2000
208	7	16	4	4	0	2000	201	903	NoChange	1	4	1	2000
208	7	17	4	6	1	2000	211	1198	39	4	4	0	2000
208	7	18	2	2	0	2000	201	1122	NoChange	4	6	1	2000
208	7	19	3	4	1	2000	202	1184	38	2	2	0	2000
208	7	20	2	4	1	2000	202	13413	39	3	4	1	2000
208	7	21	4	4	1	2000	202	708	40	2	4	1	2000
208	7	22	4	6	1	2000	211	1123	41	4	4	1	2000
208	7	23	3	2	1	2000	211	1058	39	4	6	1	2000
208	7	24	4	6	0	2000	201	1259	NoChange	3	2	1	2000
208	7	25	4	2	0	2000	201	780	NoChange	4	6	0	2000
208	7	26	3	6	1	2000	211	969	40	4	2	0	2000
208	7	27	2	2	1	2000	202	741	40	3	6	1	2000
208	7	28	2	4	0	2000	201	939	NoChange	2	2	1	2000
208	7	29	1	4	0	2000	201	873	NoChange	2	4	0	2000
208	7	30	2	2	1	2000	202	1266	41	1	4	0	2000
208	7	31	1	2	1	2000	202	1082	1184	2	2	1	2000
208	7	32	1	4	0	2000	201	802	NoChange	1	2	1	2000
208	7	33	2	6	1	2000	202	1205	42	1	4	0	2000
208	7	34	4	6	0	2000	201	1137	NoChange	2	6	1	2000
208	7	35	4	2	1	2000	202	927	42	4	6	0	2000
208	7	36	1	4	1	2000	202	1325	1205	4	2	1	2000
208	7	37	3	6	0	2000	201	684	NoChange	1	4	1	2000
208	7	38	1	2	1	2000	202	828	1214	3	6	0	2000
208	7	39	3	6	1	2000	202	926	41	1	2	1	2000
208	7	40	3	4	1	2000	211	1101	42	3	6	1	2000
208	7	41	2	6	0	2000	201	1148	NoChange	3	4	1	2000
208	7	42	3	2	0	2000	201	1914	NoChange	2	6	0	2000
208	7	43	1	6	1	2000	202	1457	1237	3	2	0	2000
208	7	44	3	4	0	2000	201	1283	NoChange	1	6	1	2000
208	7	45	1	2	0	2000	201	875	NoChange	3	4	0	2000
208	7	46	2	6	0	2000	201	1283	NoChange	1	2	0	2000
208	7	47	4	4	0	2000	201	811	NoChange	2	6	0	2000
208	7	48	1	6	1	2000	202	1055	1260	4	4	0	2000
208	8	1	4	2	0	2000	201	794	NoChange	0	0	0	
208	8	2	1	6	1	2000	202	1310	1269	4	2	0	2000
208	8	3	3	6	0	2000	201	1053	NoChange	1	6	1	2000
208	8	4	2	2	1	2000	211	1215	43	3	6	0	2000
208	8	5	4	2	1	2000	202	1009	43	2	2	1	2000
208	8	6	3	4	0	2000	212	901	NoChange	4	2	1	2000
208	8	7	4	4	0	2000	201	732	NoChange	3	4	0	2000
208	8	8	3	4	1	2000	202	1042	43	4	4	0	2000
208	8	9	1	4	1	2000	202	1668	1293	3	4	1	2000
208	8	10	3	6	1	2000	211	821	44	1	4	1	2000
208	8	11	4	2	1	2000	211	847	44	3	6	1	2000
208	8	12	2	4	0	2000	201	1113	NoChange	4	2	1	2000
208	8	13	1	2	1	2000	202	856	1306	2	4	0	2000
208	8	14	4	6	1	2000	202	1034	45	1	2	1	2000
208	8	15	3	2	1	2000	202	1388	45	4	6	1	2000
208	8	16	1	4	0	2000	201	2024	NoChange	3	2	1	2000
208	8	17	4	4	1	2000	202	811	46	1	4	0	2000
208	8	18	1	6	1	2000	202	1054	1326	4	4	1	2000
208	8	19	1	6	0	2000	201	671	NoChange	1	6	1	2000
208	8	20	2	6	0	2000	201	719	NoChange	1	6	0	2000
208	8	21	2	6	1	2000	211	1078	44	2	6	0	2000
208	8	22	3	4	0	2000	201	1007	NoChange	2	6	1	2000
208	8	23	3	2	1	2000	211	834	46	3	4	0	2000
208	8	24	4	6	0	2000	201	1044	NoChange	3	2	1	2000
208	8	25	2	2	1	2000	202	702	45	4	6	0	2000
208	8	26	2	6	0	2000	201	1165	NoChange	2	2	1	2000
208	8	27	2	4	1	2000	202	1273	46	2	6	0	2000
208	8	28	3	6	0	2000	201	1170	NoChange	2	4	1	2000
208	8	29	3	4	1	2000	202	887	47	3	6	0	2000
208	8	30	3	6	1	2000	202	887	48	3	4	1	2000
208	8	31	2	2	0	2000	201	1063	NoChange	3	6	1	2000
208	8	32	1	2	0	2000	201	720	NoChange	2	2	0	2000
208	8	33	1	4	0	2000	201	1199	NoChange	1	2	0	2000
208	8	34	4	6	0	2000	201	1258	NoChange	1	4	0	2000
208	8	35	3	2	0	2000	201	907	NoChange	4	6	0	2000
208	8	36	4	4	1	2000	202	1338	47	3	2	0	2000
208	8	37	1	6	0	2000	201	1040	NoChange	4	4	1	2000
208	8	38	4	2	0	2000	201	674	NoChange	1	6	0	2000
208	8	39	3	2	0	2000	201	619	NoChange	4	2	0	2000
208	8	40	2	6	1	2000	211	974	47	3	2	0	2000
208	8	41	2	2	0	2000	201	546	NoChange	2	6	1	2000
208	8	42	4	4	0	2000	201	848	NoChange	2	2	0	2000
208	8	43	1	2	1	2000	202	1170	1421	4	4	0	2000
208	8	44	1	4	1	2000	202	1102	1426	1	2	1	2000
208	8	45	4	6	1	2000	202	1038	48	1	4	1	2000
208	8	46	2	4	1	2000	211	1328	48	4	6	1	2000
208	8	47	2	4	0	2000	201	1214	NoChange	2	4	1	2000
208	8	48	1	2	0	2000	201	546	NoChange	2	4	0	2000
208	9	1	1	6	1	2000	202	1313	1447	0	0	0	
208	9	2	1	2	1	2000	202	1640	1450	1	6	1	2000
208	9	3	2	4	1	2000	202	1106	49	1	2	1	2000
208	9	4	1	2	0	2000	201	666	NoChange	2	4	1	2000
208	9	5	2	6	0	2000	212	1738	NoChange	1	2	0	2000
208	9	6	4	2	0	2000	212	857	NoChange	2	6	0	2000
208	9	7	1	2	1	2000	202	1010	1466	4	2	0	2000
208	9	8	3	2	0	2000	201	989	NoChange	1	2	1	2000
208	9	9	2	6	1	2000	211	1049	50	3	2	0	2000
208	9	10	4	2	1	2000	202	1578	49	2	6	1	2000
208	9	11	4	6	0	2000	201	1079	NoChange	4	2	1	2000
208	9	12	2	2	1	2000	202	1360	51	4	6	0	2000
208	9	13	3	4	1	2000	211	1021	49	2	2	1	2000
208	9	14	3	4	0	2000	201	1176	NoChange	3	4	1	2000
208	9	15	1	4	1	2000	202	1228	1493	3	4	0	2000
208	9	16	3	2	1	2000	211	959	50	1	4	1	2000
208	9	17	3	2	1	2000	211	876	51	3	2	1	2000
208	9	18	4	4	0	2000	201	1061	NoChange	3	2	1	2000
208	9	19	2	6	0	2000	201	814	NoChange	4	4	0	2000
208	9	20	2	4	1	2000	202	1177	52	2	6	0	2000
208	9	21	2	4	0	2000	201	742	NoChange	2	4	1	2000
208	9	22	1	2	0	2000	201	772	NoChange	2	4	0	2000
208	9	23	4	6	1	2000	202	1128	50	1	2	0	2000
208	9	24	4	6	1	2000	202	1447	51	4	6	1	2000
208	9	25	3	6	0	2000	201	1049	NoChange	4	6	1	2000
208	9	26	1	6	1	2000	202	954	1537	3	6	0	2000
208	9	27	4	2	1	2000	202	1616	52	1	6	1	2000
208	9	28	3	6	1	2000	202	986	52	4	2	1	2000
208	9	29	1	6	0	2000	201	1518	NoChange	3	6	1	2000
208	9	30	1	6	0	2000	212	1181	NoChange	1	6	0	2000
208	9	31	3	4	1	2000	202	1282	53	1	6	0	2000
208	9	32	4	4	0	2000	201	882	NoChange	3	4	1	2000
208	9	33	1	4	0	2000	201	682	NoChange	4	4	0	2000
208	9	34	2	4	0	2000	201	986	NoChange	1	4	0	2000
208	9	35	2	2	1	2000	202	958	53	2	4	0	2000
208	9	36	4	4	1	2000	202	1315	53	2	2	1	2000
208	9	37	3	6	0	2000	201	1065	NoChange	4	4	1	2000
208	9	38	3	6	1	2000	202	1018	54	3	6	0	2000
208	9	39	3	4	0	2000	201	1365	NoChange	3	6	1	2000
208	9	40	2	6	1	2000	211	913	54	3	4	0	2000
208	9	41	1	4	0	2000	201	1233	NoChange	2	6	1	2000
208	9	42	3	2	0	2000	201	803	NoChange	1	4	0	2000
208	9	43	2	2	0	2000	201	854	NoChange	3	2	0	2000
208	9	44	2	2	0	2000	201	847	NoChange	2	2	0	2000
208	9	45	1	4	1	2000	202	1281	1609	2	2	0	2000
208	9	46	4	6	0	2000	201	954	NoChange	1	4	1	2000
208	9	47	4	4	1	2000	211	1103	54	4	6	0	2000
208	9	48	4	2	0	2000	201	1102	NoChange	4	4	1	2000
208	10	1	1	6	0	2000	212	1208	NoChange	0	0	0	
208	10	2	2	6	0	2000	201	804	NoChange	1	6	0	2000
208	10	3	2	6	1	2000	202	1175	55	2	6	0	2000
208	10	4	1	4	0	2000	201	916	NoChange	2	6	1	2000
208	10	5	2	4	0	2000	201	1410	NoChange	1	4	0	2000
208	10	6	2	6	0	2000	201	1054	NoChange	2	4	0	2000
208	10	7	1	2	0	2000	201	791	NoChange	2	6	0	2000
208	10	8	4	4	0	2000	201	1091	NoChange	1	2	0	2000
208	10	9	3	2	0	2000	201	1107	NoChange	4	4	0	2000
208	10	10	4	2	1	2000	202	722	55	3	2	0	2000
208	10	11	4	2	0	2000	201	784	NoChange	4	2	1	2000
208	10	12	4	6	1	2000	211	1228	56	4	2	0	2000
208	10	13	3	4	1	2000	202	1359	55	4	6	1	2000
208	10	14	1	6	0	2000	201	1012	NoChange	3	4	1	2000
208	10	15	3	6	0	2000	201	848	NoChange	1	6	0	2000
208	10	16	1	4	0	2000	201	1114	NoChange	3	6	0	2000
208	10	17	3	6	1	2000	202	985	56	1	4	0	2000
208	10	18	2	2	0	2000	201	781	NoChange	3	6	1	2000
208	10	19	1	4	1	2000	202	1505	1698	2	2	0	2000
208	10	20	4	4	1	2000	202	905	57	1	4	1	2000
208	10	21	3	2	0	2000	201	592	NoChange	4	4	1	2000
208	10	22	2	4	0	2000	201	596	NoChange	3	2	0	2000
208	10	23	3	6	0	2000	201	672	NoChange	2	4	0	2000
208	10	24	2	4	1	2000	211	1896	56	3	6	0	2000
208	10	25	3	6	1	2000	211	1824	57	2	4	1	2000
208	10	26	4	6	0	2000	212	803	NoChange	3	6	1	2000
208	10	27	4	6	1	2000	202	1222	58	4	6	0	2000
208	10	28	3	2	1	2000	202	1049	58	4	6	1	2000
208	10	29	2	2	0	2000	201	1162	NoChange	3	2	1	2000
208	10	30	1	6	1	2000	202	816	1742	2	2	0	2000
208	10	31	1	2	1	2000	202	722	1745	1	6	1	2000
208	10	32	4	2	1	2000	202	721	59	1	2	1	2000
208	10	33	1	4	1	2000	202	839	1751	4	2	1	2000
208	10	34	4	4	1	2000	202	929	60	1	4	1	2000
208	10	35	2	4	1	2000	211	1160	57	4	4	1	2000
208	10	36	1	2	0	2000	201	549	NoChange	2	4	1	2000
208	10	37	1	2	1	2000	202	954	1762	1	2	0	2000
208	10	38	3	4	0	2000	201	791	NoChange	1	2	1	2000
208	10	39	4	2	0	2000	201	779	NoChange	3	4	0	2000
208	10	40	3	4	1	2000	202	728	59	4	2	0	2000
208	10	41	2	6	1	2000	211	958	58	3	4	1	2000
208	10	42	1	6	1	2000	202	827	1783	2	6	1	2000
208	10	43	2	2	1	2000	202	1262	59	1	6	1	2000
208	10	44	4	4	0	2000	212	1367	NoChange	2	2	1	2000
208	10	45	2	2	1	2000	202	1276	60	4	4	0	2000
208	10	46	4	6	0	2000	201	813	NoChange	2	2	1	2000
208	10	47	3	2	1	2000	202	736	60	4	6	0	2000
208	10	48	3	4	0	2000	201	654	NoChange	3	2	1	2000
208	11	1	4	4	1	2000	211	1211	61	0	0	0	
208	11	2	1	6	0	2000	201	1158	NoChange	4	4	1	2000
208	11	3	1	4	1	2000	202	796	1814	1	6	0	2000
208	11	4	4	4	0	2000	201	1439	NoChange	1	4	1	2000
208	11	5	2	6	1	2000	202	1018	61	4	4	0	2000
208	11	6	1	4	1	2000	202	1060	1828	2	6	1	2000
208	11	7	1	2	0	2000	201	741	NoChange	1	4	1	2000
208	11	8	2	2	1	2000	202	1275	62	1	2	0	2000
208	11	9	4	2	0	2000	201	684	NoChange	2	2	1	2000
208	11	10	1	6	1	2000	202	836	1840	4	2	0	2000
208	11	11	2	2	0	2000	201	1182	NoChange	1	6	1	2000
208	11	12	4	6	1	2000	211	1146	62	2	2	0	2000
208	11	13	3	2	0	2000	201	752	NoChange	4	6	1	2000
208	11	14	1	4	0	2000	201	1253	NoChange	3	2	0	2000
208	11	15	4	4	1	2000	202	702	63	1	4	0	2000
208	11	16	4	2	1	2000	202	1493	64	4	4	1	2000
208	11	17	3	2	0	2000	201	797	NoChange	4	2	1	2000
208	11	18	2	4	0	2000	201	1225	NoChange	3	2	0	2000
208	11	19	4	6	0	2000	201	964	NoChange	2	4	0	2000
208	11	20	2	4	0	2000	201	1177	NoChange	4	6	0	2000
208	11	21	3	2	1	2000	202	622	61	2	4	0	2000
208	11	22	2	4	1	2000	211	744	63	3	2	1	2000
208	11	23	1	2	0	2000	201	750	NoChange	2	4	1	2000
208	11	24	4	6	0	2000	201	811	NoChange	1	2	0	2000
208	11	25	3	6	1	2000	211	879	62	4	6	0	2000
208	11	26	1	2	1	2000	202	599	1893	3	6	1	2000
208	11	27	1	6	1	2000	202	1210	1900	1	2	1	2000
208	11	28	2	6	0	2000	201	838	NoChange	1	6	1	2000
208	11	29	2	2	0	2000	201	607	NoChange	2	6	0	2000
208	11	30	3	4	1	2000	202	947	63	2	2	0	2000
208	11	31	4	6	1	2000	211	1512	65	3	4	1	2000
208	11	32	3	2	1	2000	202	792	64	4	6	1	2000
208	11	33	4	2	1	2000	202	1380	66	3	2	1	2000
208	11	34	2	6	0	2000	212	905	NoChange	4	2	1	2000
208	11	35	1	4	0	2000	201	808	NoChange	2	6	0	2000
208	11	36	3	4	0	2000	201	811	NoChange	1	4	0	2000
208	11	37	1	6	0	2000	201	742	NoChange	3	4	0	2000
208	11	38	4	4	0	2000	201	1100	NoChange	1	6	0	2000
208	11	39	3	4	1	2000	202	1411	65	4	4	0	2000
208	11	40	3	6	0	2000	201	871	NoChange	3	4	1	2000
208	11	41	3	6	0	2000	212	1127	NoChange	3	6	0	2000
208	11	42	3	4	0	2000	212	1142	NoChange	3	6	0	2000
208	11	43	1	2	1	2000	202	1028	1964	3	4	0	2000
208	11	44	2	6	1	2000	202	1230	64	1	2	1	2000
208	11	45	2	2	1	2000	202	1321	65	2	6	1	2000
208	11	46	2	4	1	2000	211	944	66	2	2	1	2000
208	11	47	3	6	1	2000	202	1278	66	2	4	1	2000
208	11	48	4	2	0	2000	201	903	NoChange	3	6	1	2000
208	12	1	1	6	0	2000	201	1050	NoChange	0	0	0	
208	12	2	2	6	1	2000	211	1099	67	1	6	0	2000
208	12	3	3	2	1	2000	211	1018	67	2	6	1	2000
208	12	4	1	2	1	2000	202	685	1995	3	2	1	2000
208	12	5	4	4	1	2000	202	1413	67	1	2	1	2000
208	12	6	3	4	0	2000	212	1336	NoChange	4	4	1	2000
208	12	7	1	4	0	2000	201	662	NoChange	3	4	0	2000
208	12	8	4	2	0	2000	201	703	NoChange	1	4	0	2000
208	12	9	3	6	1	2000	211	671	68	4	2	0	2000
208	12	10	1	6	1	2000	202	1039	2020	3	6	1	2000
208	12	11	2	2	1	2000	211	937	68	1	6	1	2000
208	12	12	4	4	0	2000	201	1127	NoChange	2	2	1	2000
208	12	13	3	4	1	2000	202	854	69	4	4	0	2000
208	12	14	4	6	1	2000	202	959	68	3	4	1	2000
208	12	15	2	4	0	2000	201	756	NoChange	4	6	1	2000
208	12	16	4	4	1	2000	211	1385	69	2	4	0	2000
208	12	17	1	2	0	2000	201	621	NoChange	4	4	1	2000
208	12	18	2	4	0	2000	201	888	NoChange	1	2	0	2000
208	12	19	4	6	0	2000	212	976	NoChange	2	4	0	2000
208	12	20	3	6	0	2000	212	964	NoChange	4	6	0	2000
208	12	21	2	2	0	2000	201	1721	NoChange	3	6	0	2000
208	12	22	2	4	1	2000	202	1624	69	2	2	0	2000
208	12	23	2	6	0	2000	212	971	NoChange	2	4	1	2000
208	12	24	1	4	0	2000	212	944	NoChange	2	6	0	2000
208	12	25	3	2	0	2000	201	590	NoChange	1	4	0	2000
208	12	26	3	4	1	2000	202	945	70	3	2	0	2000
208	12	27	1	2	0	2000	201	1103	NoChange	3	4	1	2000
208	12	28	3	4	0	2000	201	903	NoChange	1	2	0	2000
208	12	29	2	2	0	2000	201	1054	NoChange	3	4	0	2000
208	12	30	3	2	1	2000	202	967	71	2	2	0	2000
208	12	31	4	6	0	2000	201	796	NoChange	3	2	1	2000
208	12	32	3	6	1	2000	211	1272	72	4	6	0	2000
208	12	33	1	4	1	2000	202	720	2103	3	6	1	2000
208	12	34	2	2	1	2000	202	1071	70	1	4	1	2000
208	12	35	1	2	1	2000	202	1111	2107	2	2	1	2000
208	12	36	4	2	1	2000	202	1047	70	1	2	1	2000
208	12	37	2	6	1	2000	202	849	71	4	2	1	2000
208	12	38	3	2	0	2000	201	970	NoChange	2	6	1	2000
208	12	39	1	6	1	2000	202	1486	2122	3	2	0	2000
208	12	40	4	2	0	2000	201	711	NoChange	1	6	1	2000
208	12	41	2	6	0	2000	201	1158	NoChange	4	2	0	2000
208	12	42	4	2	1	2000	202	723	71	2	6	0	2000
208	12	43	3	6	0	2000	212	1082	NoChange	4	2	1	2000
208	12	44	4	4	0	2000	201	1010	NoChange	3	6	0	2000
208	12	45	2	4	1	2000	211	1197	72	4	4	0	2000
208	12	46	1	6	0	2000	201	1129	NoChange	2	4	1	2000
208	12	47	1	4	1	2000	202	760	2155	1	6	0	2000
208	12	48	4	6	1	2000	202	733	72	1	4	1	2000
