#subject	block	trial	condition	setsize	change	time	responses	time	Pic	prev_condition	prev_setsize	prev_change	prev_time
107	1	1	1	2	1	2000	202	1535	3	0	0	0	
107	1	2	1	6	0	2000	212	1341	NoChange	1	2	1	2000
107	1	3	3	2	0	2000	201	739	NoChange	1	6	0	2000
107	1	4	1	6	1	2000	202	937	18	3	2	0	2000
107	1	5	2	4	0	2000	201	806	NoChange	1	6	1	2000
107	1	6	3	6	0	2000	201	1362	NoChange	2	4	0	2000
107	1	7	3	4	0	2000	201	1103	NoChange	3	6	0	2000
107	1	8	2	4	1	2000	202	1142	1	3	4	0	2000
107	1	9	4	4	1	2000	202	1492	1	2	4	1	2000
107	1	10	1	4	0	2000	201	1253	NoChange	4	4	1	2000
107	1	11	1	2	0	2000	201	998	NoChange	1	4	0	2000
107	1	12	2	4	1	2000	202	1010	2	1	2	0	2000
107	1	13	3	6	0	2000	201	1213	NoChange	2	4	1	2000
107	1	14	3	2	1	2000	211	784	1	3	6	0	2000
107	1	15	2	2	0	2000	201	916	NoChange	3	2	1	2000
107	1	16	3	4	1	2000	202	1347	2	2	2	0	2000
107	1	17	2	6	0	2000	201	1881	NoChange	3	4	1	2000
107	1	18	2	6	1	2000	211	2298	3	2	6	0	2000
107	1	19	2	6	0	2000	201	922	NoChange	2	6	1	2000
107	1	20	1	2	0	2000	201	608	NoChange	2	6	0	2000
107	1	21	3	4	1	2000	202	851	3	1	2	0	2000
107	1	22	1	2	1	2000	202	2052	84	3	4	1	2000
107	1	23	2	6	1	2000	211	2070	4	1	2	1	2000
107	1	24	4	4	0	2000	201	1359	NoChange	2	6	1	2000
107	1	25	4	6	0	2000	212	2165	NoChange	4	4	0	2000
107	1	26	3	2	1	2000	211	4658	4	4	6	0	2000
107	1	27	4	2	0	2000	201	1380	NoChange	3	2	1	2000
107	1	28	4	4	0	2000	201	1121	NoChange	4	2	0	2000
107	1	29	4	2	1	2000	202	1408	2	4	4	0	2000
107	1	30	4	6	1	2000	202	1595	3	4	2	1	2000
107	1	31	1	4	1	2000	202	1111	117	4	6	1	2000
107	1	32	3	4	0	2000	201	1119	NoChange	1	4	1	2000
107	1	33	2	2	1	2000	211	1877	5	3	4	0	2000
107	1	34	4	4	1	2000	202	926	4	2	2	1	2000
107	1	35	2	4	0	2000	201	1613	NoChange	4	4	1	2000
107	1	36	4	2	1	2000	202	736	5	2	4	0	2000
107	1	37	1	6	1	2000	202	1510	137	4	2	1	2000
107	1	38	1	6	0	2000	201	838	NoChange	1	6	1	2000
107	1	39	2	2	1	2000	202	1551	6	1	6	0	2000
107	1	40	1	4	0	2000	201	805	NoChange	2	2	1	2000
107	1	41	4	6	0	2000	212	1448	NoChange	1	4	0	2000
107	1	42	3	2	0	2000	201	714	NoChange	4	6	0	2000
107	1	43	3	6	1	2000	202	1089	5	3	2	0	2000
107	1	44	3	6	1	2000	202	937	6	3	6	1	2000
107	1	45	2	2	0	2000	201	703	NoChange	3	6	1	2000
107	1	46	4	6	1	2000	202	934	6	2	2	0	2000
107	1	47	1	4	1	2000	202	972	178	4	6	1	2000
107	1	48	4	2	0	2000	201	1544	NoChange	1	4	1	2000
107	2	1	4	2	1	2000	202	1367	7	0	0	0	
107	2	2	4	2	0	2000	201	2164	NoChange	4	2	1	2000
107	2	3	4	4	0	2000	201	649	NoChange	4	2	0	2000
107	2	4	1	6	0	2000	212	1378	NoChange	4	4	0	2000
107	2	5	3	2	1	2000	202	1863	7	1	6	0	2000
107	2	6	1	4	0	2000	201	2417	NoChange	3	2	1	2000
107	2	7	1	4	1	2000	202	892	203	1	4	0	2000
107	2	8	3	4	1	2000	211	1460	8	1	4	1	2000
107	2	9	4	4	0	2000	201	4973	NoChange	3	4	1	2000
107	2	10	3	4	1	2000	211	1315	9	4	4	0	2000
107	2	11	1	4	0	2000	201	698	NoChange	3	4	1	2000
107	2	12	3	4	0	2000	201	2194	NoChange	1	4	0	2000
107	2	13	1	6	1	2000	202	1110	228	3	4	0	2000
107	2	14	4	2	0	2000	201	838	NoChange	1	6	1	2000
107	2	15	4	6	0	2000	201	1208	NoChange	4	2	0	2000
107	2	16	2	4	0	2000	201	1251	NoChange	4	6	0	2000
107	2	17	3	6	0	2000	201	1644	NoChange	2	4	0	2000
107	2	18	4	2	1	2000	202	702	8	3	6	0	2000
107	2	19	4	4	1	2000	202	1094	9	4	2	1	2000
107	2	20	2	6	0	2000	212	894	NoChange	4	4	1	2000
107	2	21	3	4	0	2000	201	1013	NoChange	2	6	0	2000
107	2	22	3	6	0	2000	201	2057	NoChange	3	4	0	2000
107	2	23	1	2	1	2000	202	674	269	3	6	0	2000
107	2	24	4	6	1	2000	202	819	10	1	2	1	2000
107	2	25	2	2	0	2000	201	613	NoChange	4	6	1	2000
107	2	26	1	2	0	2000	201	840	NoChange	2	2	0	2000
107	2	27	2	4	1	2000	202	1162	7	1	2	0	2000
107	2	28	2	6	0	2000	201	776	NoChange	2	4	1	2000
107	2	29	3	6	1	2000	211	1388	10	2	6	0	2000
107	2	30	3	2	0	2000	201	712	NoChange	3	6	1	2000
107	2	31	2	6	1	2000	202	1879	8	3	2	0	2000
107	2	32	2	4	1	2000	202	1000	9	2	6	1	2000
107	2	33	3	2	1	2000	202	828	11	2	4	1	2000
107	2	34	1	6	0	2000	201	2254	NoChange	3	2	1	2000
107	2	35	2	2	0	2000	201	2464	NoChange	1	6	0	2000
107	2	36	3	2	0	2000	201	1058	NoChange	2	2	0	2000
107	2	37	2	2	1	2000	202	995	10	3	2	0	2000
107	2	38	3	6	1	2000	202	2335	12	2	2	1	2000
107	2	39	4	6	0	2000	201	1813	NoChange	3	6	1	2000
107	2	40	1	6	1	2000	202	1721	332	4	6	0	2000
107	2	41	2	6	1	2000	211	1448	11	1	6	1	2000
107	2	42	4	6	1	2000	202	1489	11	2	6	1	2000
107	2	43	1	2	0	2000	201	1785	NoChange	4	6	1	2000
107	2	44	2	4	0	2000	212	1462	NoChange	1	2	0	2000
107	2	45	4	4	1	2000	202	1335	12	2	4	0	2000
107	2	46	1	2	1	2000	202	1221	354	4	4	1	2000
107	2	47	2	2	1	2000	202	2576	12	1	2	1	2000
107	2	48	1	4	1	2000	202	1349	360	2	2	1	2000
107	3	1	3	2	0	2000	201	1294	NoChange	0	0	0	
107	3	2	1	2	0	2000	201	1070	NoChange	3	2	0	2000
107	3	3	4	6	0	2000	201	847	NoChange	1	2	0	2000
107	3	4	2	6	1	2000	202	1169	13	4	6	0	2000
107	3	5	4	4	1	2000	211	1973	13	2	6	1	2000
107	3	6	2	4	1	2000	202	1682	14	4	4	1	2000
107	3	7	2	2	1	2000	202	1027	15	2	4	1	2000
107	3	8	3	4	1	2000	202	1221	13	2	2	1	2000
107	3	9	1	6	1	2000	202	968	392	3	4	1	2000
107	3	10	4	6	1	2000	202	820	14	1	6	1	2000
107	3	11	4	4	0	2000	201	1447	NoChange	4	6	1	2000
107	3	12	1	6	0	2000	212	2425	NoChange	4	4	0	2000
107	3	13	2	6	0	2000	212	1708	NoChange	1	6	0	2000
107	3	14	1	4	0	2000	201	1364	NoChange	2	6	0	2000
107	3	15	4	2	0	2000	201	1049	NoChange	1	4	0	2000
107	3	16	1	4	1	2000	202	3123	424	4	2	0	2000
107	3	17	3	2	1	2000	211	1594	14	1	4	1	2000
107	3	18	2	2	1	2000	202	958	16	3	2	1	2000
107	3	19	2	4	0	2000	201	875	NoChange	2	2	1	2000
107	3	20	1	6	0	2000	201	1068	NoChange	2	4	0	2000
107	3	21	1	6	1	2000	202	789	443	1	6	0	2000
107	3	22	3	6	1	2000	211	2344	15	1	6	1	2000
107	3	23	1	2	0	2000	201	1295	NoChange	3	6	1	2000
107	3	24	3	6	0	2000	212	2399	NoChange	1	2	0	2000
107	3	25	4	6	0	2000	201	1699	NoChange	3	6	0	2000
107	3	26	2	2	0	2000	201	1842	NoChange	4	6	0	2000
107	3	27	2	6	0	2000	201	956	NoChange	2	2	0	2000
107	3	28	2	4	0	2000	201	1122	NoChange	2	6	0	2000
107	3	29	3	6	1	2000	211	1184	16	2	4	0	2000
107	3	30	4	6	1	2000	202	1268	15	3	6	1	2000
107	3	31	3	4	0	2000	201	949	NoChange	4	6	1	2000
107	3	32	2	2	0	2000	201	826	NoChange	3	4	0	2000
107	3	33	2	4	1	2000	202	973	17	2	2	0	2000
107	3	34	4	2	1	2000	202	2009	16	2	4	1	2000
107	3	35	3	6	0	2000	201	1789	NoChange	4	2	1	2000
107	3	36	1	2	1	2000	202	2089	503	3	6	0	2000
107	3	37	1	4	0	2000	201	1226	NoChange	1	2	1	2000
107	3	38	4	2	0	2000	201	1156	NoChange	1	4	0	2000
107	3	39	4	2	1	2000	202	1298	17	4	2	0	2000
107	3	40	1	4	1	2000	202	1738	515	4	2	1	2000
107	3	41	2	6	1	2000	202	1512	18	1	4	1	2000
107	3	42	4	4	0	2000	201	935	NoChange	2	6	1	2000
107	3	43	3	4	0	2000	201	949	NoChange	4	4	0	2000
107	3	44	3	4	1	2000	211	1419	17	3	4	0	2000
107	3	45	3	2	1	2000	211	813	18	3	4	1	2000
107	3	46	1	2	1	2000	202	1033	535	3	2	1	2000
107	3	47	3	2	0	2000	201	843	NoChange	1	2	1	2000
107	3	48	4	4	1	2000	202	868	18	3	2	0	2000
107	4	1	2	2	1	2000	202	1391	19	0	0	0	
107	4	2	1	2	0	2000	201	747	NoChange	2	2	1	2000
107	4	3	1	4	1	2000	202	1553	548	1	2	0	2000
107	4	4	4	4	1	2000	202	1599	19	1	4	1	2000
107	4	5	4	6	0	2000	201	1634	NoChange	4	4	1	2000
107	4	6	2	6	1	2000	211	1732	20	4	6	0	2000
107	4	7	2	6	1	2000	202	1155	21	2	6	1	2000
107	4	8	4	2	0	2000	201	800	NoChange	2	6	1	2000
107	4	9	2	2	0	2000	201	1435	NoChange	4	2	0	2000
107	4	10	2	6	0	2000	201	1765	NoChange	2	2	0	2000
107	4	11	2	4	1	2000	202	1106	22	2	6	0	2000
107	4	12	1	2	1	2000	202	889	583	2	4	1	2000
107	4	13	4	2	1	2000	211	2617	20	1	2	1	2000
107	4	14	1	6	1	2000	202	3589	591	4	2	1	2000
107	4	15	3	6	1	2000	202	1514	19	1	6	1	2000
107	4	16	1	4	0	2000	201	1113	NoChange	3	6	1	2000
107	4	17	4	6	0	2000	201	2208	NoChange	1	4	0	2000
107	4	18	3	2	0	2000	201	868	NoChange	4	6	0	2000
107	4	19	1	6	1	2000	202	1205	615	3	2	0	2000
107	4	20	4	2	0	2000	201	928	NoChange	1	6	1	2000
107	4	21	4	4	0	2000	201	983	NoChange	4	2	0	2000
107	4	22	3	4	1	2000	211	2083	20	4	4	0	2000
107	4	23	2	2	1	2000	202	963	23	3	4	1	2000
107	4	24	4	2	1	2000	202	800	21	2	2	1	2000
107	4	25	4	4	0	2000	201	1211	NoChange	4	2	1	2000
107	4	26	3	6	1	2000	211	3071	21	4	4	0	2000
107	4	27	3	6	0	2000	201	1160	NoChange	3	6	1	2000
107	4	28	3	2	1	2000	211	1917	22	3	6	0	2000
107	4	29	2	4	1	2000	202	924	24	3	2	1	2000
107	4	30	3	4	1	2000	202	1203	23	2	4	1	2000
107	4	31	1	6	0	2000	201	1174	NoChange	3	4	1	2000
107	4	32	1	4	0	2000	201	763	NoChange	1	6	0	2000
107	4	33	2	4	0	2000	201	760	NoChange	1	4	0	2000
107	4	34	2	6	0	2000	201	717	NoChange	2	4	0	2000
107	4	35	3	6	0	2000	201	1020	NoChange	2	6	0	2000
107	4	36	4	6	1	2000	202	1646	22	3	6	0	2000
107	4	37	3	4	0	2000	201	1417	NoChange	4	6	1	2000
107	4	38	1	4	1	2000	202	1275	688	3	4	0	2000
107	4	39	1	6	0	2000	212	1684	NoChange	1	4	1	2000
107	4	40	4	6	1	2000	202	1228	23	1	6	0	2000
107	4	41	1	2	1	2000	202	983	702	4	6	1	2000
107	4	42	2	2	0	2000	201	763	NoChange	1	2	1	2000
107	4	43	3	2	0	2000	201	816	NoChange	2	2	0	2000
107	4	44	4	4	1	2000	202	1971	24	3	2	0	2000
107	4	45	2	4	0	2000	201	783	NoChange	4	4	1	2000
107	4	46	3	2	1	2000	211	827	24	2	4	0	2000
107	4	47	3	4	0	2000	212	1494	NoChange	3	2	1	2000
107	4	48	1	2	0	2000	201	1150	NoChange	3	4	0	2000
107	5	1	3	2	0	2000	201	744	NoChange	0	0	0	
107	5	2	2	2	1	2000	202	1654	25	3	2	0	2000
107	5	3	4	6	1	2000	202	2384	25	2	2	1	2000
107	5	4	1	4	1	2000	202	844	733	4	6	1	2000
107	5	5	1	6	0	2000	201	1070	NoChange	1	4	1	2000
107	5	6	1	6	1	2000	202	695	746	1	6	0	2000
107	5	7	3	2	0	2000	201	758	NoChange	1	6	1	2000
107	5	8	3	6	0	2000	201	932	NoChange	3	2	0	2000
107	5	9	4	6	0	2000	212	1393	NoChange	3	6	0	2000
107	5	10	3	4	1	2000	202	1422	25	4	6	0	2000
107	5	11	3	2	1	2000	202	2720	26	3	4	1	2000
107	5	12	4	4	0	2000	201	1272	NoChange	3	2	1	2000
107	5	13	1	6	1	2000	211	2488	775	4	4	0	2000
107	5	14	4	4	0	2000	201	721	NoChange	1	6	1	2000
107	5	15	2	4	1	2000	202	871	26	4	4	0	2000
107	5	16	4	2	1	2000	202	1184	26	2	4	1	2000
107	5	17	4	2	1	2000	202	2564	27	4	2	1	2000
107	5	18	3	6	0	2000	201	1042	NoChange	4	2	1	2000
107	5	19	4	2	0	2000	201	684	NoChange	3	6	0	2000
107	5	20	2	2	0	2000	201	692	NoChange	4	2	0	2000
107	5	21	1	2	0	2000	201	763	NoChange	2	2	0	2000
107	5	22	4	4	1	2000	211	1208	28	1	2	0	2000
107	5	23	3	4	0	2000	201	748	NoChange	4	4	1	2000
107	5	24	3	6	1	2000	202	2506	27	3	4	0	2000
107	5	25	1	2	1	2000	202	1690	811	3	6	1	2000
107	5	26	1	4	0	2000	212	1282	NoChange	1	2	1	2000
107	5	27	2	6	1	2000	202	1066	27	1	4	0	2000
107	5	28	4	6	1	2000	202	1386	29	2	6	1	2000
107	5	29	2	6	1	2000	202	1134	28	4	6	1	2000
107	5	30	2	4	1	2000	211	2220	29	2	6	1	2000
107	5	31	2	4	0	2000	201	1368	NoChange	2	4	1	2000
107	5	32	2	2	1	2000	202	876	30	2	4	0	2000
107	5	33	3	2	1	2000	202	1029	28	2	2	1	2000
107	5	34	3	4	1	2000	202	1647	29	3	2	1	2000
107	5	35	4	2	0	2000	201	730	NoChange	3	4	1	2000
107	5	36	1	4	0	2000	201	1104	NoChange	4	2	0	2000
107	5	37	1	6	0	2000	201	1391	NoChange	1	4	0	2000
107	5	38	1	4	1	2000	202	1084	859	1	6	0	2000
107	5	39	4	6	0	2000	201	1051	NoChange	1	4	1	2000
107	5	40	4	4	1	2000	202	1077	30	4	6	0	2000
107	5	41	2	4	0	2000	201	645	NoChange	4	4	1	2000
107	5	42	2	6	0	2000	201	863	NoChange	2	4	0	2000
107	5	43	3	6	1	2000	202	1328	30	2	6	0	2000
107	5	44	2	6	0	2000	201	959	NoChange	3	6	1	2000
107	5	45	1	2	1	2000	202	636	892	2	6	0	2000
107	5	46	1	2	0	2000	201	1238	NoChange	1	2	1	2000
107	5	47	2	2	0	2000	201	816	NoChange	1	2	0	2000
107	5	48	3	4	0	2000	201	731	NoChange	2	2	0	2000
107	6	1	2	2	0	2000	201	681	NoChange	0	0	0	
107	6	2	2	4	1	2000	202	1209	31	2	2	0	2000
107	6	3	2	2	1	2000	211	4173	32	2	4	1	2000
107	6	4	3	2	1	2000	202	1003	31	2	2	1	2000
107	6	5	3	2	1	2000	211	1470	32	3	2	1	2000
107	6	6	2	2	0	2000	201	1295	NoChange	3	2	1	2000
107	6	7	2	6	1	2000	211	1399	33	2	2	0	2000
107	6	8	4	2	1	2000	202	1626	31	2	6	1	2000
107	6	9	2	4	1	2000	202	1013	34	4	2	1	2000
107	6	10	3	4	0	2000	201	864	NoChange	2	4	1	2000
107	6	11	3	4	1	2000	202	1049	33	3	4	0	2000
107	6	12	4	4	0	2000	201	859	NoChange	3	4	1	2000
107	6	13	1	2	0	2000	201	580	NoChange	4	4	0	2000
107	6	14	1	4	0	2000	201	1016	NoChange	1	2	0	2000
107	6	15	3	6	1	2000	202	1179	34	1	4	0	2000
107	6	16	3	4	0	2000	201	856	NoChange	3	6	1	2000
107	6	17	1	4	1	2000	202	1017	950	3	4	0	2000
107	6	18	1	6	0	2000	201	1099	NoChange	1	4	1	2000
107	6	19	1	2	0	2000	201	835	NoChange	1	6	0	2000
107	6	20	2	2	1	2000	202	1333	35	1	2	0	2000
107	6	21	3	2	0	2000	201	1171	NoChange	2	2	1	2000
107	6	22	4	2	0	2000	201	679	NoChange	3	2	0	2000
107	6	23	4	4	1	2000	202	992	32	4	2	0	2000
107	6	24	3	6	0	2000	201	516	NoChange	4	4	1	2000
107	6	25	1	4	0	2000	212	1290	NoChange	3	6	0	2000
107	6	26	3	4	1	2000	202	1410	35	1	4	0	2000
107	6	27	3	6	0	2000	201	1982	NoChange	3	4	1	2000
107	6	28	1	4	1	2000	202	994	990	3	6	0	2000
107	6	29	4	6	0	2000	201	774	NoChange	1	4	1	2000
107	6	30	2	6	1	2000	202	770	36	4	6	0	2000
107	6	31	2	6	0	2000	201	839	NoChange	2	6	1	2000
107	6	32	1	6	1	2000	202	929	1014	2	6	0	2000
107	6	33	4	2	0	2000	201	1863	NoChange	1	6	1	2000
107	6	34	2	6	0	2000	201	2137	NoChange	4	2	0	2000
107	6	35	1	6	1	2000	202	1583	1029	2	6	0	2000
107	6	36	4	6	1	2000	202	1363	33	1	6	1	2000
107	6	37	4	2	1	2000	202	1105	34	4	6	1	2000
107	6	38	1	2	1	2000	202	928	1038	4	2	1	2000
107	6	39	3	6	1	2000	202	1079	36	1	2	1	2000
107	6	40	4	4	1	2000	202	1183	35	3	6	1	2000
107	6	41	4	6	1	2000	202	1235	36	4	4	1	2000
107	6	42	1	2	1	2000	202	677	1054	4	6	1	2000
107	6	43	1	6	0	2000	201	926	NoChange	1	2	1	2000
107	6	44	2	4	0	2000	201	1396	NoChange	1	6	0	2000
107	6	45	2	4	0	2000	201	1737	NoChange	2	4	0	2000
107	6	46	3	2	0	2000	201	543	NoChange	2	4	0	2000
107	6	47	4	4	0	2000	201	1188	NoChange	3	2	0	2000
107	6	48	4	6	0	2000	212	1152	NoChange	4	4	0	2000
107	7	1	2	2	1	2000	202	959	37	0	0	0	
107	7	2	1	2	0	2000	201	1108	NoChange	2	2	1	2000
107	7	3	3	6	0	2000	201	683	NoChange	1	2	0	2000
107	7	4	3	4	0	2000	201	475	NoChange	3	6	0	2000
107	7	5	3	2	0	2000	201	684	NoChange	3	4	0	2000
107	7	6	2	4	1	2000	202	1227	38	3	2	0	2000
107	7	7	4	6	0	2000	201	646	NoChange	2	4	1	2000
107	7	8	1	2	0	2000	201	632	NoChange	4	6	0	2000
107	7	9	2	2	0	2000	201	634	NoChange	1	2	0	2000
107	7	10	4	6	0	2000	212	1595	NoChange	2	2	0	2000
107	7	11	2	6	0	2000	201	1392	NoChange	4	6	0	2000
107	7	12	2	6	1	2000	202	1076	39	2	6	0	2000
107	7	13	4	2	1	2000	202	4060	37	2	6	1	2000
107	7	14	1	4	0	2000	201	879	NoChange	4	2	1	2000
107	7	15	2	2	0	2000	201	887	NoChange	1	4	0	2000
107	7	16	3	6	0	2000	212	807	NoChange	2	2	0	2000
107	7	17	2	2	1	2000	202	898	40	3	6	0	2000
107	7	18	3	6	1	2000	202	890	37	2	2	1	2000
107	7	19	4	4	1	2000	202	849	38	3	6	1	2000
107	7	20	2	6	1	2000	202	907	41	4	4	1	2000
107	7	21	2	4	1	2000	202	1938	42	2	6	1	2000
107	7	22	1	4	0	2000	201	672	NoChange	2	4	1	2000
107	7	23	1	6	0	2000	201	1617	NoChange	1	4	0	2000
107	7	24	1	6	1	2000	202	1012	1172	1	6	0	2000
107	7	25	3	2	0	2000	201	695	NoChange	1	6	1	2000
107	7	26	4	4	0	2000	201	711	NoChange	3	2	0	2000
107	7	27	1	6	1	2000	202	790	1185	4	4	0	2000
107	7	28	4	6	1	2000	202	642	39	1	6	1	2000
107	7	29	1	4	1	2000	202	771	1195	4	6	1	2000
107	7	30	1	2	1	2000	202	704	1198	1	4	1	2000
107	7	31	4	2	1	2000	202	1279	40	1	2	1	2000
107	7	32	2	4	0	2000	212	904	NoChange	4	2	1	2000
107	7	33	3	4	0	2000	201	715	NoChange	2	4	0	2000
107	7	34	1	4	1	2000	202	658	1212	3	4	0	2000
107	7	35	3	2	1	2000	211	987	38	1	4	1	2000
107	7	36	3	6	1	2000	202	1703	39	3	2	1	2000
107	7	37	3	4	1	2000	202	2622	40	3	6	1	2000
107	7	38	1	2	1	2000	202	657	1224	3	4	1	2000
107	7	39	4	4	0	2000	201	1178	NoChange	1	2	1	2000
107	7	40	4	2	0	2000	201	783	NoChange	4	4	0	2000
107	7	41	1	6	0	2000	212	1187	NoChange	4	2	0	2000
107	7	42	2	6	0	2000	201	1407	NoChange	1	6	0	2000
107	7	43	4	2	0	2000	201	602	NoChange	2	6	0	2000
107	7	44	4	6	1	2000	202	582	41	4	2	0	2000
107	7	45	3	2	1	2000	202	1201	41	4	6	1	2000
107	7	46	3	4	1	2000	211	1477	42	3	2	1	2000
107	7	47	2	4	0	2000	201	917	NoChange	3	4	1	2000
107	7	48	4	4	1	2000	202	940	42	2	4	0	2000
107	8	1	1	6	0	2000	201	985	NoChange	0	0	0	
107	8	2	3	4	1	2000	211	2349	43	1	6	0	2000
107	8	3	3	2	1	2000	202	859	44	3	4	1	2000
107	8	4	1	2	0	2000	201	676	NoChange	3	2	1	2000
107	8	5	4	2	0	2000	201	740	NoChange	1	2	0	2000
107	8	6	1	6	1	2000	202	1610	1281	4	2	0	2000
107	8	7	4	6	0	2000	201	1542	NoChange	1	6	1	2000
107	8	8	2	6	1	2000	202	612	43	4	6	0	2000
107	8	9	4	2	1	2000	202	791	43	2	6	1	2000
107	8	10	2	2	1	2000	202	643	44	4	2	1	2000
107	8	11	1	2	1	2000	202	677	1297	2	2	1	2000
107	8	12	4	6	1	2000	202	2293	44	1	2	1	2000
107	8	13	3	6	0	2000	212	853	NoChange	4	6	1	2000
107	8	14	1	4	1	2000	202	807	1313	3	6	0	2000
107	8	15	4	4	0	2000	201	522	NoChange	1	4	1	2000
107	8	16	3	2	1	2000	202	992	45	4	4	0	2000
107	8	17	2	4	0	2000	201	908	NoChange	3	2	1	2000
107	8	18	3	6	1	2000	211	2147	46	2	4	0	2000
107	8	19	3	4	1	2000	211	1218	47	3	6	1	2000
107	8	20	1	4	0	2000	201	708	NoChange	3	4	1	2000
107	8	21	4	2	1	2000	202	724	45	1	4	0	2000
107	8	22	1	2	1	2000	202	834	1338	4	2	1	2000
107	8	23	1	4	1	2000	202	668	1343	1	2	1	2000
107	8	24	2	4	1	2000	211	756	45	1	4	1	2000
107	8	25	1	2	0	2000	201	690	NoChange	2	4	1	2000
107	8	26	4	6	1	2000	202	705	46	1	2	0	2000
107	8	27	3	4	0	2000	201	825	NoChange	4	6	1	2000
107	8	28	2	4	1	2000	202	2003	46	3	4	0	2000
107	8	29	4	4	1	2000	202	671	47	2	4	1	2000
107	8	30	3	4	0	2000	201	727	NoChange	4	4	1	2000
107	8	31	2	2	0	2000	201	750	NoChange	3	4	0	2000
107	8	32	1	4	0	2000	201	635	NoChange	2	2	0	2000
107	8	33	1	6	1	2000	211	901	1380	1	4	0	2000
107	8	34	3	2	0	2000	201	580	NoChange	1	6	1	2000
107	8	35	2	4	0	2000	201	536	NoChange	3	2	0	2000
107	8	36	2	2	0	2000	201	558	NoChange	2	4	0	2000
107	8	37	1	6	0	2000	201	1491	NoChange	2	2	0	2000
107	8	38	4	4	1	2000	211	843	48	1	6	0	2000
107	8	39	3	2	0	2000	201	693	NoChange	4	4	1	2000
107	8	40	4	2	0	2000	201	541	NoChange	3	2	0	2000
107	8	41	3	6	1	2000	211	907	48	4	2	0	2000
107	8	42	3	6	0	2000	201	578	NoChange	3	6	1	2000
107	8	43	4	4	0	2000	201	526	NoChange	3	6	0	2000
107	8	44	4	6	0	2000	212	1045	NoChange	4	4	0	2000
107	8	45	2	2	1	2000	202	1111	47	4	6	0	2000
107	8	46	2	6	0	2000	212	950	NoChange	2	2	1	2000
107	8	47	2	6	0	2000	201	627	NoChange	2	6	0	2000
107	8	48	2	6	1	2000	202	918	48	2	6	0	2000
107	9	1	1	2	1	2000	202	1041	1443	0	0	0	
107	9	2	4	6	0	2000	201	1083	NoChange	1	2	1	2000
107	9	3	1	4	0	2000	201	827	NoChange	4	6	0	2000
107	9	4	2	4	0	2000	201	837	NoChange	1	4	0	2000
107	9	5	4	4	0	2000	201	911	NoChange	2	4	0	2000
107	9	6	3	2	1	2000	202	1134	49	4	4	0	2000
107	9	7	2	2	0	2000	201	676	NoChange	3	2	1	2000
107	9	8	1	4	0	2000	212	1381	NoChange	2	2	0	2000
107	9	9	1	6	1	2000	202	1258	1475	1	4	0	2000
107	9	10	1	6	0	2000	201	1555	NoChange	1	6	1	2000
107	9	11	1	2	0	2000	201	672	NoChange	1	6	0	2000
107	9	12	3	6	1	2000	202	2009	50	1	2	0	2000
107	9	13	4	2	1	2000	202	2917	49	3	6	1	2000
107	9	14	2	6	1	2000	211	644	49	4	2	1	2000
107	9	15	1	2	1	2000	202	718	1497	2	6	1	2000
107	9	16	1	4	1	2000	202	684	1502	1	2	1	2000
107	9	17	2	4	1	2000	202	924	50	1	4	1	2000
107	9	18	2	6	0	2000	201	555	NoChange	2	4	1	2000
107	9	19	2	4	0	2000	201	936	NoChange	2	6	0	2000
107	9	20	4	2	1	2000	202	534	50	2	4	0	2000
107	9	21	4	2	0	2000	201	1395	NoChange	4	2	1	2000
107	9	22	2	4	1	2000	202	1079	51	4	2	0	2000
107	9	23	4	2	0	2000	201	808	NoChange	2	4	1	2000
107	9	24	4	6	1	2000	202	731	51	4	2	0	2000
107	9	25	3	2	0	2000	201	666	NoChange	4	6	1	2000
107	9	26	4	4	0	2000	201	842	NoChange	3	2	0	2000
107	9	27	4	6	0	2000	201	996	NoChange	4	4	0	2000
107	9	28	2	6	0	2000	212	1432	NoChange	4	6	0	2000
107	9	29	3	4	0	2000	212	970	NoChange	2	6	0	2000
107	9	30	3	6	1	2000	202	1687	51	3	4	0	2000
107	9	31	1	4	1	2000	202	1031	1560	3	6	1	2000
107	9	32	2	2	0	2000	201	1321	NoChange	1	4	1	2000
107	9	33	3	6	0	2000	201	608	NoChange	2	2	0	2000
107	9	34	1	6	1	2000	202	787	1575	3	6	0	2000
107	9	35	4	6	1	2000	202	735	52	1	6	1	2000
107	9	36	1	6	0	2000	201	629	NoChange	4	6	1	2000
107	9	37	3	2	0	2000	201	911	NoChange	1	6	0	2000
107	9	38	1	2	0	2000	201	535	NoChange	3	2	0	2000
107	9	39	2	6	1	2000	211	1364	52	1	2	0	2000
107	9	40	3	4	1	2000	202	658	52	2	6	1	2000
107	9	41	4	4	1	2000	202	1019	53	3	4	1	2000
107	9	42	3	4	0	2000	201	1334	NoChange	4	4	1	2000
107	9	43	2	2	1	2000	202	572	53	3	4	0	2000
107	9	44	3	2	1	2000	211	1968	53	2	2	1	2000
107	9	45	2	2	1	2000	202	589	54	3	2	1	2000
107	9	46	3	6	0	2000	201	689	NoChange	2	2	1	2000
107	9	47	4	4	1	2000	202	881	54	3	6	0	2000
107	9	48	3	4	1	2000	202	3753	54	4	4	1	2000
107	10	1	2	2	0	2000	201	785	NoChange	0	0	0	
107	10	2	4	4	1	2000	202	1052	55	2	2	0	2000
107	10	3	3	6	0	2000	201	622	NoChange	4	4	1	2000
107	10	4	3	2	1	2000	202	1104	55	3	6	0	2000
107	10	5	2	4	0	2000	201	511	NoChange	3	2	1	2000
107	10	6	1	4	1	2000	202	719	1641	2	4	0	2000
107	10	7	3	2	0	2000	201	645	NoChange	1	4	1	2000
107	10	8	2	2	0	2000	201	735	NoChange	3	2	0	2000
107	10	9	2	4	0	2000	201	677	NoChange	2	2	0	2000
107	10	10	2	2	1	2000	211	733	55	2	4	0	2000
107	10	11	4	2	1	2000	202	563	56	2	2	1	2000
107	10	12	3	4	0	2000	201	864	NoChange	4	2	1	2000
107	10	13	3	4	1	2000	211	681	56	3	4	0	2000
107	10	14	2	6	0	2000	212	842	NoChange	3	4	1	2000
107	10	15	2	4	1	2000	202	724	56	2	6	0	2000
107	10	16	3	2	0	2000	201	594	NoChange	2	4	1	2000
107	10	17	2	6	0	2000	201	982	NoChange	3	2	0	2000
107	10	18	4	6	0	2000	212	1674	NoChange	2	6	0	2000
107	10	19	2	6	1	2000	211	2691	57	4	6	0	2000
107	10	20	1	4	1	2000	202	683	1691	2	6	1	2000
107	10	21	3	2	1	2000	211	523	57	1	4	1	2000
107	10	22	1	4	0	2000	201	481	NoChange	3	2	1	2000
107	10	23	1	6	0	2000	212	2890	NoChange	1	4	0	2000
107	10	24	4	2	0	2000	201	610	NoChange	1	6	0	2000
107	10	25	1	2	0	2000	201	526	NoChange	4	2	0	2000
107	10	26	1	2	1	2000	202	692	1709	1	2	0	2000
107	10	27	4	4	1	2000	211	2316	57	1	2	1	2000
107	10	28	2	6	1	2000	202	1987	58	4	4	1	2000
107	10	29	4	6	1	2000	202	663	58	2	6	1	2000
107	10	30	2	4	1	2000	202	848	59	4	6	1	2000
107	10	31	3	6	1	2000	211	1058	58	2	4	1	2000
107	10	32	1	6	1	2000	202	891	1737	3	6	1	2000
107	10	33	1	2	0	2000	201	523	NoChange	1	6	1	2000
107	10	34	1	4	0	2000	201	1377	NoChange	1	2	0	2000
107	10	35	4	4	0	2000	201	622	NoChange	1	4	0	2000
107	10	36	4	2	1	2000	202	984	59	4	4	0	2000
107	10	37	3	6	0	2000	201	756	NoChange	4	2	1	2000
107	10	38	1	2	1	2000	202	697	1757	3	6	0	2000
107	10	39	4	4	0	2000	201	4913	NoChange	1	2	1	2000
107	10	40	4	6	1	2000	202	1089	60	4	4	0	2000
107	10	41	3	4	1	2000	202	1121	59	4	6	1	2000
107	10	42	1	6	0	2000	201	984	NoChange	3	4	1	2000
107	10	43	3	4	0	2000	201	740	NoChange	1	6	0	2000
107	10	44	1	6	1	2000	202	1154	1786	3	4	0	2000
107	10	45	4	6	0	2000	212	1623	NoChange	1	6	1	2000
107	10	46	2	2	1	2000	202	834	60	4	6	0	2000
107	10	47	4	2	0	2000	201	700	NoChange	2	2	1	2000
107	10	48	3	6	1	2000	211	3243	60	4	2	0	2000
107	11	1	2	4	0	2000	201	685	NoChange	0	0	0	
107	11	2	2	4	1	2000	202	773	61	2	4	0	2000
107	11	3	1	4	0	2000	201	826	NoChange	2	4	1	2000
107	11	4	4	2	1	2000	202	748	61	1	4	0	2000
107	11	5	4	2	1	2000	202	801	62	4	2	1	2000
107	11	6	1	2	0	2000	201	653	NoChange	4	2	1	2000
107	11	7	1	4	0	2000	201	1174	NoChange	1	2	0	2000
107	11	8	2	6	1	2000	202	1194	62	1	4	0	2000
107	11	9	3	2	1	2000	202	902	61	2	6	1	2000
107	11	10	3	6	0	2000	201	862	NoChange	3	2	1	2000
107	11	11	2	2	0	2000	201	663	NoChange	3	6	0	2000
107	11	12	1	2	1	2000	202	1240	1836	2	2	0	2000
107	11	13	4	4	1	2000	202	1234	63	1	2	1	2000
107	11	14	3	4	1	2000	211	1028	62	4	4	1	2000
107	11	15	4	6	1	2000	202	1039	64	3	4	1	2000
107	11	16	2	6	1	2000	211	1857	63	4	6	1	2000
107	11	17	3	4	0	2000	201	1186	NoChange	2	6	1	2000
107	11	18	4	4	1	2000	202	1214	65	3	4	0	2000
107	11	19	4	2	0	2000	201	794	NoChange	4	4	1	2000
107	11	20	3	4	0	2000	201	1357	NoChange	4	2	0	2000
107	11	21	1	6	0	2000	201	795	NoChange	3	4	0	2000
107	11	22	1	6	1	2000	202	687	1878	1	6	0	2000
107	11	23	1	6	0	2000	201	1103	NoChange	1	6	1	2000
107	11	24	4	4	0	2000	201	1078	NoChange	1	6	0	2000
107	11	25	3	6	1	2000	202	1078	63	4	4	0	2000
107	11	26	3	6	0	2000	201	1039	NoChange	3	6	1	2000
107	11	27	1	2	1	2000	202	609	1902	3	6	0	2000
107	11	28	4	6	0	2000	201	628	NoChange	1	2	1	2000
107	11	29	4	2	0	2000	201	663	NoChange	4	6	0	2000
107	11	30	2	6	0	2000	212	2368	NoChange	4	2	0	2000
107	11	31	3	2	0	2000	201	405	NoChange	2	6	0	2000
107	11	32	2	4	0	2000	201	808	NoChange	3	2	0	2000
107	11	33	3	4	1	2000	211	2147	64	2	4	0	2000
107	11	34	4	6	1	2000	211	1145	66	3	4	1	2000
107	11	35	1	6	1	2000	202	967	1937	4	6	1	2000
107	11	36	2	2	1	2000	211	2484	64	1	6	1	2000
107	11	37	2	2	1	2000	211	1997	65	2	2	1	2000
107	11	38	3	2	0	2000	201	1953	NoChange	2	2	1	2000
107	11	39	1	4	1	2000	202	1015	1946	3	2	0	2000
107	11	40	2	4	1	2000	202	970	66	1	4	1	2000
107	11	41	3	2	1	2000	211	1878	65	2	4	1	2000
107	11	42	1	2	0	2000	201	583	NoChange	3	2	1	2000
107	11	43	2	2	0	2000	201	835	NoChange	1	2	0	2000
107	11	44	4	4	0	2000	201	637	NoChange	2	2	0	2000
107	11	45	1	4	1	2000	202	759	1963	4	4	0	2000
107	11	46	3	6	1	2000	202	972	66	1	4	1	2000
107	11	47	4	6	0	2000	201	1032	NoChange	3	6	1	2000
107	11	48	2	6	0	2000	201	1098	NoChange	4	6	0	2000
107	12	1	3	6	0	2000	201	560	NoChange	0	0	0	
107	12	2	3	2	1	2000	202	1061	67	3	6	0	2000
107	12	3	1	2	1	2000	202	903	1990	3	2	1	2000
107	12	4	1	6	0	2000	201	454	NoChange	1	2	1	2000
107	12	5	1	4	1	2000	202	711	2001	1	6	0	2000
107	12	6	1	4	0	2000	201	558	NoChange	1	4	1	2000
107	12	7	2	4	1	2000	211	795	67	1	4	0	2000
107	12	8	3	6	1	2000	211	783	68	2	4	1	2000
107	12	9	3	6	1	2000	211	739	69	3	6	1	2000
107	12	10	2	6	1	2000	202	641	68	3	6	1	2000
107	12	11	3	4	0	2000	201	954	NoChange	2	6	1	2000
107	12	12	1	4	0	2000	212	888	NoChange	3	4	0	2000
107	12	13	4	4	0	2000	201	1128	NoChange	1	4	0	2000
107	12	14	3	2	0	2000	201	494	NoChange	4	4	0	2000
107	12	15	4	6	1	2000	202	998	67	3	2	0	2000
107	12	16	3	4	1	2000	202	4298	70	4	6	1	2000
107	12	17	1	4	1	2000	202	699	2050	3	4	1	2000
107	12	18	2	6	1	2000	202	706	69	1	4	1	2000
107	12	19	2	2	1	2000	202	793	70	2	6	1	2000
107	12	20	4	2	0	2000	201	725	NoChange	2	2	1	2000
107	12	21	4	2	1	2000	202	811	68	4	2	0	2000
107	12	22	3	2	1	2000	202	878	71	4	2	1	2000
107	12	23	4	4	1	2000	202	1287	69	3	2	1	2000
107	12	24	2	6	0	2000	212	1727	NoChange	4	4	1	2000
107	12	25	4	2	0	2000	201	494	NoChange	2	6	0	2000
107	12	26	2	2	0	2000	201	638	NoChange	4	2	0	2000
107	12	27	1	6	0	2000	201	1279	NoChange	2	2	0	2000
107	12	28	2	4	0	2000	201	832	NoChange	1	6	0	2000
107	12	29	1	6	1	2000	202	658	2090	2	4	0	2000
107	12	30	2	2	1	2000	211	1395	71	1	6	1	2000
107	12	31	4	6	0	2000	212	887	NoChange	2	2	1	2000
107	12	32	3	6	0	2000	201	799	NoChange	4	6	0	2000
107	12	33	4	6	0	2000	212	1682	NoChange	3	6	0	2000
107	12	34	3	4	0	2000	201	1018	NoChange	4	6	0	2000
107	12	35	4	4	0	2000	212	1789	NoChange	3	4	0	2000
107	12	36	1	2	0	2000	201	609	NoChange	4	4	0	2000
107	12	37	2	4	1	2000	211	612	72	1	2	0	2000
107	12	38	3	2	0	2000	201	632	NoChange	2	4	1	2000
107	12	39	4	6	1	2000	202	793	70	3	2	0	2000
107	12	40	4	2	1	2000	202	1013	71	4	6	1	2000
107	12	41	2	2	0	2000	201	600	NoChange	4	2	1	2000
107	12	42	1	2	1	2000	202	675	2135	2	2	0	2000
107	12	43	2	6	0	2000	201	660	NoChange	1	2	1	2000
107	12	44	1	2	0	2000	201	677	NoChange	2	6	0	2000
107	12	45	4	4	1	2000	202	494	72	1	2	0	2000
107	12	46	3	4	1	2000	202	1469	72	4	4	1	2000
107	12	47	1	6	1	2000	202	863	2156	3	4	1	2000
107	12	48	2	4	0	2000	201	896	NoChange	1	6	1	2000
