#subject	block	trial	condition	setsize	change	time	responses	time	Pic	prev_condition	prev_setsize	prev_change	prev_time
204	1	1	3	2	0	2000	201	671	NoChange	0	0	0	
204	1	2	3	6	1	2000	202	1007	1	3	2	0	2000
204	1	3	3	4	1	2000	211	963	2	3	6	1	2000
204	1	4	1	6	0	2000	201	952	NoChange	3	4	1	2000
204	1	5	4	4	0	2000	201	733	NoChange	1	6	0	2000
204	1	6	3	6	1	2000	211	835	3	4	4	0	2000
204	1	7	3	2	0	2000	201	853	NoChange	3	6	1	2000
204	1	8	4	6	0	2000	212	982	NoChange	3	2	0	2000
204	1	9	4	4	1	2000	202	858	1	4	6	0	2000
204	1	10	4	2	1	2000	202	779	2	4	4	1	2000
204	1	11	3	4	1	2000	202	968	4	4	2	1	2000
204	1	12	2	4	1	2000	202	860	1	3	4	1	2000
204	1	13	1	6	0	2000	201	1693	NoChange	2	4	1	2000
204	1	14	2	4	1	2000	202	622	2	1	6	0	2000
204	1	15	1	4	1	2000	202	968	57	2	4	1	2000
204	1	16	2	2	0	2000	201	781	NoChange	1	4	1	2000
204	1	17	2	2	1	2000	202	1409	3	2	2	0	2000
204	1	18	2	4	0	2000	201	821	NoChange	2	2	1	2000
204	1	19	4	6	1	2000	202	1007	3	2	4	0	2000
204	1	20	1	4	0	2000	201	850	NoChange	4	6	1	2000
204	1	21	3	4	0	2000	201	811	NoChange	1	4	0	2000
204	1	22	4	2	1	2000	202	807	4	3	4	0	2000
204	1	23	1	4	0	2000	201	762	NoChange	4	2	1	2000
204	1	24	4	6	1	2000	202	823	5	1	4	0	2000
204	1	25	4	2	0	2000	201	666	NoChange	4	6	1	2000
204	1	26	2	6	1	2000	211	1290	4	4	2	0	2000
204	1	27	3	6	0	2000	201	802	NoChange	2	6	1	2000
204	1	28	4	4	0	2000	201	805	NoChange	3	6	0	2000
204	1	29	1	6	1	2000	202	760	111	4	4	0	2000
204	1	30	1	2	1	2000	202	694	114	1	6	1	2000
204	1	31	2	6	0	2000	201	773	NoChange	1	2	1	2000
204	1	32	1	6	1	2000	202	698	127	2	6	0	2000
204	1	33	1	2	1	2000	202	538	130	1	6	1	2000
204	1	34	3	6	0	2000	201	1023	NoChange	1	2	1	2000
204	1	35	3	4	0	2000	201	722	NoChange	3	6	0	2000
204	1	36	3	2	1	2000	202	1353	5	3	4	0	2000
204	1	37	2	6	1	2000	211	854	5	3	2	1	2000
204	1	38	3	2	1	2000	211	1063	6	2	6	1	2000
204	1	39	1	2	0	2000	212	2753	NoChange	3	2	1	2000
204	1	40	4	4	1	2000	202	895	6	1	2	0	2000
204	1	41	4	2	0	2000	201	678	NoChange	4	4	1	2000
204	1	42	4	6	0	2000	201	831	NoChange	4	2	0	2000
204	1	43	1	2	0	2000	201	673	NoChange	4	6	0	2000
204	1	44	2	4	0	2000	201	1370	NoChange	1	2	0	2000
204	1	45	1	4	1	2000	202	807	171	2	4	0	2000
204	1	46	2	6	0	2000	201	1594	NoChange	1	4	1	2000
204	1	47	2	2	1	2000	202	494	6	2	6	0	2000
204	1	48	2	2	0	2000	201	702	NoChange	2	2	1	2000
204	2	1	4	4	0	2000	201	1291	NoChange	0	0	0	
204	2	2	1	2	0	2000	201	627	NoChange	4	4	0	2000
204	2	3	3	4	1	2000	202	806	7	1	2	0	2000
204	2	4	2	6	1	2000	202	593	7	3	4	1	2000
204	2	5	3	6	1	2000	202	669	8	2	6	1	2000
204	2	6	2	6	0	2000	201	589	NoChange	3	6	1	2000
204	2	7	1	4	0	2000	201	1057	NoChange	2	6	0	2000
204	2	8	1	2	1	2000	202	642	212	1	4	0	2000
204	2	9	4	4	0	2000	201	996	NoChange	1	2	1	2000
204	2	10	2	2	1	2000	202	1144	8	4	4	0	2000
204	2	11	1	4	1	2000	202	774	222	2	2	1	2000
204	2	12	3	6	0	2000	201	1434	NoChange	1	4	1	2000
204	2	13	4	6	1	2000	202	788	7	3	6	0	2000
204	2	14	4	2	1	2000	202	2000	8	4	6	1	2000
204	2	15	2	4	1	2000	202	740	9	4	2	1	2000
204	2	16	1	6	1	2000	202	666	244	2	4	1	2000
204	2	17	3	4	0	2000	201	682	NoChange	1	6	1	2000
204	2	18	3	6	1	2000	202	922	9	3	4	0	2000
204	2	19	2	6	0	2000	201	953	NoChange	3	6	1	2000
204	2	20	2	4	0	2000	212	862	NoChange	2	6	0	2000
204	2	21	4	2	1	2000	202	711	9	2	4	0	2000
204	2	22	3	2	0	2000	201	822	NoChange	4	2	1	2000
204	2	23	3	4	0	2000	212	1609	NoChange	3	2	0	2000
204	2	24	3	2	0	2000	201	748	NoChange	3	4	0	2000
204	2	25	4	6	0	2000	212	1385	NoChange	3	2	0	2000
204	2	26	4	2	0	2000	201	813	NoChange	4	6	0	2000
204	2	27	1	4	1	2000	202	1001	285	4	2	0	2000
204	2	28	1	6	1	2000	202	772	292	1	4	1	2000
204	2	29	4	6	1	2000	202	640	10	1	6	1	2000
204	2	30	4	6	0	2000	212	898	NoChange	4	6	1	2000
204	2	31	2	4	0	2000	201	649	NoChange	4	6	0	2000
204	2	32	1	4	0	2000	201	923	NoChange	2	4	0	2000
204	2	33	4	2	0	2000	201	633	NoChange	1	4	0	2000
204	2	34	4	4	1	2000	202	819	11	4	2	0	2000
204	2	35	2	2	0	2000	201	622	NoChange	4	4	1	2000
204	2	36	2	2	1	2000	202	496	10	2	2	0	2000
204	2	37	2	2	0	2000	201	664	NoChange	2	2	1	2000
204	2	38	3	2	1	2000	202	857	10	2	2	0	2000
204	2	39	1	6	0	2000	201	1554	NoChange	3	2	1	2000
204	2	40	2	4	1	2000	202	951	11	1	6	0	2000
204	2	41	2	6	1	2000	202	581	12	2	4	1	2000
204	2	42	4	4	1	2000	202	3713	12	2	6	1	2000
204	2	43	3	2	1	2000	202	690	11	4	4	1	2000
204	2	44	1	2	1	2000	202	601	343	3	2	1	2000
204	2	45	3	6	0	2000	212	700	NoChange	1	2	1	2000
204	2	46	3	4	1	2000	202	1220	12	3	6	0	2000
204	2	47	1	6	0	2000	212	798	NoChange	3	4	1	2000
204	2	48	1	2	0	2000	201	665	NoChange	1	6	0	2000
204	3	1	4	4	0	2000	201	506	NoChange	0	0	0	
204	3	2	2	2	1	2000	202	1129	13	4	4	0	2000
204	3	3	4	2	0	2000	201	760	NoChange	2	2	1	2000
204	3	4	1	6	0	2000	201	1325	NoChange	4	2	0	2000
204	3	5	4	4	0	2000	212	692	NoChange	1	6	0	2000
204	3	6	1	2	1	2000	202	460	380	4	4	0	2000
204	3	7	1	4	0	2000	201	741	NoChange	1	2	1	2000
204	3	8	1	2	1	2000	202	538	387	1	4	0	2000
204	3	9	4	6	1	2000	211	776	13	1	2	1	2000
204	3	10	1	2	0	2000	201	389	NoChange	4	6	1	2000
204	3	11	2	6	0	2000	212	528	NoChange	1	2	0	2000
204	3	12	4	6	0	2000	201	839	NoChange	2	6	0	2000
204	3	13	4	6	0	2000	201	577	NoChange	4	6	0	2000
204	3	14	3	4	1	2000	211	797	13	4	6	0	2000
204	3	15	3	2	0	2000	201	633	NoChange	3	4	1	2000
204	3	16	3	2	1	2000	202	819	14	3	2	0	2000
204	3	17	3	6	1	2000	202	701	15	3	2	1	2000
204	3	18	3	4	0	2000	201	1028	NoChange	3	6	1	2000
204	3	19	2	2	1	2000	202	775	14	3	4	0	2000
204	3	20	3	4	1	2000	202	628	16	2	2	1	2000
204	3	21	4	2	0	2000	201	638	NoChange	3	4	1	2000
204	3	22	4	2	1	2000	202	584	14	4	2	0	2000
204	3	23	2	6	0	2000	212	980	NoChange	4	2	1	2000
204	3	24	2	2	0	2000	201	672	NoChange	2	6	0	2000
204	3	25	1	2	0	2000	201	753	NoChange	2	2	0	2000
204	3	26	2	4	0	2000	212	574	NoChange	1	2	0	2000
204	3	27	1	4	0	2000	201	746	NoChange	2	4	0	2000
204	3	28	4	4	1	2000	202	672	15	1	4	0	2000
204	3	29	3	6	1	2000	211	737	17	4	4	1	2000
204	3	30	3	2	0	2000	201	582	NoChange	3	6	1	2000
204	3	31	3	4	0	2000	201	1034	NoChange	3	2	0	2000
204	3	32	1	4	1	2000	202	612	471	3	4	0	2000
204	3	33	4	2	1	2000	202	927	16	1	4	1	2000
204	3	34	2	4	0	2000	201	862	NoChange	4	2	1	2000
204	3	35	2	2	0	2000	201	655	NoChange	2	4	0	2000
204	3	36	2	4	1	2000	211	1120	15	2	2	0	2000
204	3	37	2	6	1	2000	211	967	16	2	4	1	2000
204	3	38	1	4	1	2000	202	707	491	2	6	1	2000
204	3	39	1	6	1	2000	202	619	498	1	4	1	2000
204	3	40	2	6	1	2000	202	661	17	1	6	1	2000
204	3	41	4	4	1	2000	202	510	17	2	6	1	2000
204	3	42	4	6	1	2000	202	1261	18	4	4	1	2000
204	3	43	1	6	0	2000	201	662	NoChange	4	6	1	2000
204	3	44	2	4	1	2000	202	584	18	1	6	0	2000
204	3	45	3	6	0	2000	212	595	NoChange	2	4	1	2000
204	3	46	3	6	0	2000	201	831	NoChange	3	6	0	2000
204	3	47	1	6	1	2000	211	570	539	3	6	0	2000
204	3	48	3	2	1	2000	202	678	18	1	6	1	2000
204	4	1	4	4	1	2000	202	657	19	0	0	0	
204	4	2	4	6	1	2000	202	954	20	4	4	1	2000
204	4	3	3	4	1	2000	211	1912	19	4	6	1	2000
204	4	4	1	4	1	2000	202	679	556	3	4	1	2000
204	4	5	2	4	0	2000	212	2264	NoChange	1	4	1	2000
204	4	6	1	6	1	2000	202	593	567	2	4	0	2000
204	4	7	2	6	0	2000	212	557	NoChange	1	6	1	2000
204	4	8	3	4	0	2000	212	882	NoChange	2	6	0	2000
204	4	9	2	4	1	2000	202	714	19	3	4	0	2000
204	4	10	1	6	0	2000	201	753	NoChange	2	4	1	2000
204	4	11	1	2	1	2000	202	830	589	1	6	0	2000
204	4	12	2	2	1	2000	202	697	20	1	2	1	2000
204	4	13	2	4	1	2000	202	761	21	2	2	1	2000
204	4	14	4	2	0	2000	201	694	NoChange	2	4	1	2000
204	4	15	2	2	1	2000	202	958	22	4	2	0	2000
204	4	16	2	6	1	2000	211	715	23	2	2	1	2000
204	4	17	4	2	0	2000	201	809	NoChange	2	6	1	2000
204	4	18	2	6	0	2000	201	741	NoChange	4	2	0	2000
204	4	19	2	2	0	2000	201	658	NoChange	2	6	0	2000
204	4	20	2	2	0	2000	212	1020	NoChange	2	2	0	2000
204	4	21	4	2	1	2000	202	798	21	2	2	0	2000
204	4	22	3	2	1	2000	211	737	20	4	2	1	2000
204	4	23	3	6	0	2000	212	1087	NoChange	3	2	1	2000
204	4	24	2	6	1	2000	202	1151	24	3	6	0	2000
204	4	25	1	4	1	2000	202	853	631	2	6	1	2000
204	4	26	3	2	0	2000	201	750	NoChange	1	4	1	2000
204	4	27	1	4	0	2000	201	827	NoChange	3	2	0	2000
204	4	28	4	6	0	2000	201	686	NoChange	1	4	0	2000
204	4	29	1	4	0	2000	212	693	NoChange	4	6	0	2000
204	4	30	4	4	0	2000	212	1669	NoChange	1	4	0	2000
204	4	31	1	2	0	2000	201	894	NoChange	4	4	0	2000
204	4	32	1	6	0	2000	201	1198	NoChange	1	2	0	2000
204	4	33	4	4	0	2000	201	738	NoChange	1	6	0	2000
204	4	34	1	2	1	2000	202	528	666	4	4	0	2000
204	4	35	4	4	1	2000	202	582	22	1	2	1	2000
204	4	36	4	6	0	2000	212	850	NoChange	4	4	1	2000
204	4	37	2	4	0	2000	212	739	NoChange	4	6	0	2000
204	4	38	3	6	0	2000	212	1089	NoChange	2	4	0	2000
204	4	39	3	6	1	2000	202	537	21	3	6	0	2000
204	4	40	3	6	1	2000	202	807	22	3	6	1	2000
204	4	41	3	2	1	2000	202	1946	23	3	6	1	2000
204	4	42	1	2	0	2000	201	1344	NoChange	3	2	1	2000
204	4	43	3	2	0	2000	201	1038	NoChange	1	2	0	2000
204	4	44	4	6	1	2000	202	688	23	3	2	0	2000
204	4	45	1	6	1	2000	202	560	712	4	6	1	2000
204	4	46	4	2	1	2000	202	725	24	1	6	1	2000
204	4	47	3	4	0	2000	212	1220	NoChange	4	2	1	2000
204	4	48	3	4	1	2000	202	566	24	3	4	0	2000
204	5	1	4	6	1	2000	202	565	25	0	0	0	
204	5	2	4	6	0	2000	212	593	NoChange	4	6	1	2000
204	5	3	3	4	1	2000	202	693	25	4	6	0	2000
204	5	4	2	4	1	2000	211	1221	25	3	4	1	2000
204	5	5	3	4	0	2000	201	656	NoChange	2	4	1	2000
204	5	6	1	4	1	2000	202	713	746	3	4	0	2000
204	5	7	1	4	0	2000	201	1032	NoChange	1	4	1	2000
204	5	8	4	2	1	2000	202	858	26	1	4	0	2000
204	5	9	1	4	1	2000	202	675	756	4	2	1	2000
204	5	10	3	6	1	2000	211	644	26	1	4	1	2000
204	5	11	4	4	0	2000	201	1341	NoChange	3	6	1	2000
204	5	12	3	6	0	2000	201	620	NoChange	4	4	0	2000
204	5	13	2	4	1	2000	202	582	26	3	6	0	2000
204	5	14	1	4	0	2000	201	850	NoChange	2	4	1	2000
204	5	15	2	6	1	2000	202	579	27	1	4	0	2000
204	5	16	4	4	1	2000	202	639	27	2	6	1	2000
204	5	17	3	2	0	2000	212	889	NoChange	4	4	1	2000
204	5	18	3	4	0	2000	212	585	NoChange	3	2	0	2000
204	5	19	1	2	1	2000	202	557	795	3	4	0	2000
204	5	20	3	4	1	2000	202	506	27	1	2	1	2000
204	5	21	1	2	0	2000	201	873	NoChange	3	4	1	2000
204	5	22	2	4	0	2000	201	1906	NoChange	1	2	0	2000
204	5	23	4	2	1	2000	202	665	28	2	4	0	2000
204	5	24	3	2	1	2000	202	994	28	4	2	1	2000
204	5	25	4	4	1	2000	202	566	29	3	2	1	2000
204	5	26	1	2	1	2000	202	466	812	4	4	1	2000
204	5	27	1	6	1	2000	202	498	819	1	2	1	2000
204	5	28	1	6	1	2000	202	474	826	1	6	1	2000
204	5	29	2	4	0	2000	201	770	NoChange	1	6	1	2000
204	5	30	4	4	0	2000	201	750	NoChange	2	4	0	2000
204	5	31	4	6	0	2000	201	620	NoChange	4	4	0	2000
204	5	32	1	6	0	2000	212	662	NoChange	4	6	0	2000
204	5	33	2	2	0	2000	201	559	NoChange	1	6	0	2000
204	5	34	1	6	0	2000	201	524	NoChange	2	2	0	2000
204	5	35	1	2	0	2000	201	691	NoChange	1	6	0	2000
204	5	36	2	6	1	2000	202	562	28	1	2	0	2000
204	5	37	2	2	0	2000	201	568	NoChange	2	6	1	2000
204	5	38	4	2	0	2000	201	988	NoChange	2	2	0	2000
204	5	39	2	6	0	2000	201	808	NoChange	4	2	0	2000
204	5	40	2	6	0	2000	212	1035	NoChange	2	6	0	2000
204	5	41	4	2	0	2000	212	565	NoChange	2	6	0	2000
204	5	42	3	6	0	2000	201	1082	NoChange	4	2	0	2000
204	5	43	2	2	1	2000	202	545	29	3	6	0	2000
204	5	44	3	2	0	2000	201	735	NoChange	2	2	1	2000
204	5	45	3	2	1	2000	202	941	29	3	2	0	2000
204	5	46	4	6	1	2000	202	571	30	3	2	1	2000
204	5	47	3	6	1	2000	202	567	30	4	6	1	2000
204	5	48	2	2	1	2000	202	748	30	3	6	1	2000
204	6	1	4	4	0	2000	201	733	NoChange	0	0	0	
204	6	2	2	4	0	2000	201	683	NoChange	4	4	0	2000
204	6	3	1	6	1	2000	202	651	915	2	4	0	2000
204	6	4	1	6	0	2000	201	716	NoChange	1	6	1	2000
204	6	5	4	6	1	2000	202	546	31	1	6	0	2000
204	6	6	4	4	1	2000	202	800	32	4	6	1	2000
204	6	7	3	2	0	2000	201	603	NoChange	4	4	1	2000
204	6	8	4	2	1	2000	202	486	33	3	2	0	2000
204	6	9	2	2	0	2000	201	566	NoChange	4	2	1	2000
204	6	10	4	4	0	2000	201	987	NoChange	2	2	0	2000
204	6	11	4	2	0	2000	201	654	NoChange	4	4	0	2000
204	6	12	3	4	1	2000	202	1408	31	4	2	0	2000
204	6	13	1	4	0	2000	201	547	NoChange	3	4	1	2000
204	6	14	4	4	1	2000	202	1081	34	1	4	0	2000
204	6	15	1	2	1	2000	202	625	953	4	4	1	2000
204	6	16	4	2	0	2000	201	1004	NoChange	1	2	1	2000
204	6	17	3	4	1	2000	202	671	32	4	2	0	2000
204	6	18	1	2	0	2000	201	536	NoChange	3	4	1	2000
204	6	19	1	2	0	2000	201	613	NoChange	1	2	0	2000
204	6	20	2	6	0	2000	212	912	NoChange	1	2	0	2000
204	6	21	2	2	0	2000	212	824	NoChange	2	6	0	2000
204	6	22	2	6	0	2000	212	578	NoChange	2	2	0	2000
204	6	23	4	6	0	2000	201	703	NoChange	2	6	0	2000
204	6	24	3	2	1	2000	211	590	33	4	6	0	2000
204	6	25	1	6	0	2000	212	570	NoChange	3	2	1	2000
204	6	26	4	6	0	2000	212	574	NoChange	1	6	0	2000
204	6	27	3	2	0	2000	201	610	NoChange	4	6	0	2000
204	6	28	3	6	1	2000	202	2118	34	3	2	0	2000
204	6	29	4	2	1	2000	202	1029	35	3	6	1	2000
204	6	30	3	6	0	2000	201	1127	NoChange	4	2	1	2000
204	6	31	2	6	1	2000	202	590	31	3	6	0	2000
204	6	32	1	6	1	2000	202	978	1021	2	6	1	2000
204	6	33	1	4	0	2000	201	798	NoChange	1	6	1	2000
204	6	34	3	4	0	2000	201	1193	NoChange	1	4	0	2000
204	6	35	2	2	1	2000	202	709	32	3	4	0	2000
204	6	36	1	4	1	2000	202	645	1035	2	2	1	2000
204	6	37	2	4	1	2000	202	590	33	1	4	1	2000
204	6	38	3	6	1	2000	202	570	35	2	4	1	2000
204	6	39	1	2	1	2000	202	687	1046	3	6	1	2000
204	6	40	4	6	1	2000	202	550	36	1	2	1	2000
204	6	41	2	4	0	2000	201	971	NoChange	4	6	1	2000
204	6	42	2	2	1	2000	202	488	34	2	4	0	2000
204	6	43	3	4	0	2000	212	424	NoChange	2	2	1	2000
204	6	44	1	4	1	2000	202	466	1065	3	4	0	2000
204	6	45	2	6	1	2000	202	515	35	1	4	1	2000
204	6	46	3	2	1	2000	202	962	36	2	6	1	2000
204	6	47	2	4	1	2000	202	623	36	3	2	1	2000
204	6	48	3	6	0	2000	201	1033	NoChange	2	4	1	2000
204	7	1	2	2	0	2000	212	1875	NoChange	0	0	0	
204	7	2	3	4	0	2000	201	556	NoChange	2	2	0	2000
204	7	3	2	2	1	2000	202	785	37	3	4	0	2000
204	7	4	3	6	1	2000	202	677	37	2	2	1	2000
204	7	5	2	2	1	2000	202	717	38	3	6	1	2000
204	7	6	2	4	1	2000	202	3364	39	2	2	1	2000
204	7	7	4	2	1	2000	202	442	37	2	4	1	2000
204	7	8	2	4	0	2000	201	812	NoChange	4	2	1	2000
204	7	9	1	4	1	2000	202	527	1106	2	4	0	2000
204	7	10	2	6	0	2000	212	677	NoChange	1	4	1	2000
204	7	11	4	4	0	2000	201	918	NoChange	2	6	0	2000
204	7	12	1	2	0	2000	201	684	NoChange	4	4	0	2000
204	7	13	4	4	0	2000	201	532	NoChange	1	2	0	2000
204	7	14	2	4	0	2000	212	1706	NoChange	4	4	0	2000
204	7	15	2	2	0	2000	201	921	NoChange	2	4	0	2000
204	7	16	2	4	1	2000	202	504	40	2	2	0	2000
204	7	17	2	6	1	2000	202	719	41	2	4	1	2000
204	7	18	4	2	0	2000	201	686	NoChange	2	6	1	2000
204	7	19	1	6	0	2000	201	861	NoChange	4	2	0	2000
204	7	20	1	4	1	2000	202	527	1149	1	6	0	2000
204	7	21	3	6	1	2000	202	693	38	1	4	1	2000
204	7	22	1	2	1	2000	202	885	1157	3	6	1	2000
204	7	23	4	4	1	2000	202	517	38	1	2	1	2000
204	7	24	4	2	0	2000	201	619	NoChange	4	4	1	2000
204	7	25	1	6	1	2000	202	470	1169	4	2	0	2000
204	7	26	3	2	1	2000	202	758	39	1	6	1	2000
204	7	27	1	6	1	2000	202	595	1177	3	2	1	2000
204	7	28	3	2	1	2000	202	1303	40	1	6	1	2000
204	7	29	3	4	1	2000	202	686	41	3	2	1	2000
204	7	30	2	6	1	2000	202	510	42	3	4	1	2000
204	7	31	4	6	1	2000	202	557	39	2	6	1	2000
204	7	32	2	6	0	2000	201	1394	NoChange	4	6	1	2000
204	7	33	4	6	0	2000	212	758	NoChange	2	6	0	2000
204	7	34	3	2	0	2000	201	788	NoChange	4	6	0	2000
204	7	35	4	2	1	2000	202	607	40	3	2	0	2000
204	7	36	3	6	0	2000	201	1122	NoChange	4	2	1	2000
204	7	37	4	4	1	2000	202	521	41	3	6	0	2000
204	7	38	3	4	0	2000	201	880	NoChange	4	4	1	2000
204	7	39	3	4	1	2000	202	672	42	3	4	0	2000
204	7	40	1	6	0	2000	212	761	NoChange	3	4	1	2000
204	7	41	1	4	0	2000	201	670	NoChange	1	6	0	2000
204	7	42	1	2	0	2000	201	1718	NoChange	1	4	0	2000
204	7	43	1	4	0	2000	201	909	NoChange	1	2	0	2000
204	7	44	3	6	0	2000	212	556	NoChange	1	4	0	2000
204	7	45	3	2	0	2000	201	649	NoChange	3	6	0	2000
204	7	46	4	6	1	2000	202	627	42	3	2	0	2000
204	7	47	4	6	0	2000	201	685	NoChange	4	6	1	2000
204	7	48	1	2	1	2000	202	549	1260	4	6	0	2000
204	8	1	3	2	1	2000	211	579	43	0	0	0	
204	8	2	3	4	1	2000	211	864	44	3	2	1	2000
204	8	3	2	4	0	2000	201	809	NoChange	3	4	1	2000
204	8	4	3	4	0	2000	201	860	NoChange	2	4	0	2000
204	8	5	3	6	0	2000	201	725	NoChange	3	4	0	2000
204	8	6	4	6	1	2000	202	684	43	3	6	0	2000
204	8	7	2	4	0	2000	201	595	NoChange	4	6	1	2000
204	8	8	2	6	1	2000	202	663	43	2	4	0	2000
204	8	9	1	2	1	2000	202	496	1295	2	6	1	2000
204	8	10	2	4	1	2000	211	968	44	1	2	1	2000
204	8	11	4	2	0	2000	201	1165	NoChange	2	4	1	2000
204	8	12	1	4	0	2000	212	809	NoChange	4	2	0	2000
204	8	13	2	4	1	2000	202	829	45	1	4	0	2000
204	8	14	3	2	1	2000	202	727	45	2	4	1	2000
204	8	15	3	6	1	2000	211	1118	46	3	2	1	2000
204	8	16	2	2	1	2000	202	1092	46	3	6	1	2000
204	8	17	3	6	0	2000	212	500	NoChange	2	2	1	2000
204	8	18	1	4	0	2000	201	851	NoChange	3	6	0	2000
204	8	19	4	4	1	2000	202	525	44	1	4	0	2000
204	8	20	1	2	0	2000	201	1051	NoChange	4	4	1	2000
204	8	21	1	6	1	2000	202	532	1336	1	2	0	2000
204	8	22	1	4	1	2000	202	474	1341	1	6	1	2000
204	8	23	3	6	1	2000	202	602	47	1	4	1	2000
204	8	24	3	2	0	2000	201	629	NoChange	3	6	1	2000
204	8	25	4	2	1	2000	202	640	45	3	2	0	2000
204	8	26	4	4	0	2000	201	922	NoChange	4	2	1	2000
204	8	27	2	2	0	2000	201	656	NoChange	4	4	0	2000
204	8	28	1	6	1	2000	202	561	1362	2	2	0	2000
204	8	29	3	4	0	2000	201	799	NoChange	1	6	1	2000
204	8	30	2	6	0	2000	201	1370	NoChange	3	4	0	2000
204	8	31	3	2	0	2000	201	710	NoChange	2	6	0	2000
204	8	32	4	6	0	2000	201	1238	NoChange	3	2	0	2000
204	8	33	3	4	1	2000	202	440	48	4	6	0	2000
204	8	34	1	6	0	2000	201	673	NoChange	3	4	1	2000
204	8	35	4	6	0	2000	201	474	NoChange	1	6	0	2000
204	8	36	1	2	1	2000	202	466	1398	4	6	0	2000
204	8	37	1	6	0	2000	212	691	NoChange	1	2	1	2000
204	8	38	2	2	1	2000	202	506	47	1	6	0	2000
204	8	39	2	6	0	2000	201	665	NoChange	2	2	1	2000
204	8	40	4	4	0	2000	201	570	NoChange	2	6	0	2000
204	8	41	2	6	1	2000	202	598	48	4	4	0	2000
204	8	42	4	2	0	2000	201	778	NoChange	2	6	1	2000
204	8	43	1	4	1	2000	202	590	1427	4	2	0	2000
204	8	44	1	2	0	2000	201	610	NoChange	1	4	1	2000
204	8	45	4	4	1	2000	202	685	46	1	2	0	2000
204	8	46	4	2	1	2000	202	1965	47	4	4	1	2000
204	8	47	4	6	1	2000	202	554	48	4	2	1	2000
204	8	48	2	2	0	2000	201	711	NoChange	4	6	1	2000
204	9	1	4	6	1	2000	202	1845	49	0	0	0	
204	9	2	4	6	0	2000	201	967	NoChange	4	6	1	2000
204	9	3	3	2	0	2000	201	636	NoChange	4	6	0	2000
204	9	4	4	4	0	2000	201	870	NoChange	3	2	0	2000
204	9	5	1	4	0	2000	201	614	NoChange	4	4	0	2000
204	9	6	3	4	1	2000	202	993	49	1	4	0	2000
204	9	7	4	6	1	2000	202	661	50	3	4	1	2000
204	9	8	3	4	0	2000	201	846	NoChange	4	6	1	2000
204	9	9	4	4	0	2000	212	616	NoChange	3	4	0	2000
204	9	10	4	4	1	2000	202	691	51	4	4	0	2000
204	9	11	2	2	1	2000	211	835	49	4	4	1	2000
204	9	12	4	4	1	2000	202	877	52	2	2	1	2000
204	9	13	2	6	1	2000	202	757	50	4	4	1	2000
204	9	14	1	6	1	2000	202	642	1496	2	6	1	2000
204	9	15	4	2	1	2000	202	492	53	1	6	1	2000
204	9	16	2	4	1	2000	202	580	51	4	2	1	2000
204	9	17	1	2	1	2000	202	600	1503	2	4	1	2000
204	9	18	1	2	0	2000	201	715	NoChange	1	2	1	2000
204	9	19	2	6	0	2000	201	442	NoChange	1	2	0	2000
204	9	20	1	6	0	2000	212	1491	NoChange	2	6	0	2000
204	9	21	3	2	1	2000	202	1196	50	1	6	0	2000
204	9	22	1	2	0	2000	201	1280	NoChange	3	2	1	2000
204	9	23	2	6	0	2000	212	1168	NoChange	1	2	0	2000
204	9	24	4	2	0	2000	201	829	NoChange	2	6	0	2000
204	9	25	3	6	1	2000	202	496	51	4	2	0	2000
204	9	26	4	6	0	2000	212	1319	NoChange	3	6	1	2000
204	9	27	2	4	0	2000	212	686	NoChange	4	6	0	2000
204	9	28	1	4	0	2000	212	918	NoChange	2	4	0	2000
204	9	29	3	6	0	2000	212	844	NoChange	1	4	0	2000
204	9	30	2	2	1	2000	202	702	52	3	6	0	2000
204	9	31	4	2	0	2000	201	805	NoChange	2	2	1	2000
204	9	32	2	6	1	2000	202	633	53	4	2	0	2000
204	9	33	3	2	1	2000	202	1962	52	2	6	1	2000
204	9	34	3	6	1	2000	202	584	53	3	2	1	2000
204	9	35	1	4	1	2000	202	628	1572	3	6	1	2000
204	9	36	4	2	1	2000	202	598	54	1	4	1	2000
204	9	37	3	6	0	2000	201	1161	NoChange	4	2	1	2000
204	9	38	1	2	1	2000	202	511	1582	3	6	0	2000
204	9	39	3	2	0	2000	201	966	NoChange	1	2	1	2000
204	9	40	2	4	1	2000	202	474	54	3	2	0	2000
204	9	41	1	6	1	2000	202	947	1594	2	4	1	2000
204	9	42	1	4	1	2000	202	633	1599	1	6	1	2000
204	9	43	2	4	0	2000	201	1130	NoChange	1	4	1	2000
204	9	44	2	2	0	2000	201	1377	NoChange	2	4	0	2000
204	9	45	2	2	0	2000	201	574	NoChange	2	2	0	2000
204	9	46	3	4	1	2000	202	1266	54	2	2	0	2000
204	9	47	1	6	0	2000	201	779	NoChange	3	4	1	2000
204	9	48	3	4	0	2000	212	1079	NoChange	1	6	0	2000
204	10	1	2	6	0	2000	212	740	NoChange	0	0	0	
204	10	2	4	6	1	2000	202	522	55	2	6	0	2000
204	10	3	3	2	1	2000	202	480	55	4	6	1	2000
204	10	4	4	6	0	2000	212	617	NoChange	3	2	1	2000
204	10	5	2	4	0	2000	201	747	NoChange	4	6	0	2000
204	10	6	1	4	1	2000	202	593	1647	2	4	0	2000
204	10	7	3	4	1	2000	202	445	56	1	4	1	2000
204	10	8	3	4	0	2000	212	623	NoChange	3	4	1	2000
204	10	9	3	2	0	2000	201	617	NoChange	3	4	0	2000
204	10	10	1	2	0	2000	212	539	NoChange	3	2	0	2000
204	10	11	2	2	1	2000	202	529	55	1	2	0	2000
204	10	12	1	6	1	2000	202	456	1666	2	2	1	2000
204	10	13	2	4	1	2000	202	2049	56	1	6	1	2000
204	10	14	4	4	0	2000	201	754	NoChange	2	4	1	2000
204	10	15	2	4	1	2000	202	584	57	4	4	0	2000
204	10	16	1	4	1	2000	202	363	1681	2	4	1	2000
204	10	17	2	6	1	2000	202	512	58	1	4	1	2000
204	10	18	4	4	1	2000	202	551	56	2	6	1	2000
204	10	19	3	2	1	2000	211	1060	57	4	4	1	2000
204	10	20	4	2	0	2000	212	790	NoChange	3	2	1	2000
204	10	21	2	2	0	2000	201	482	NoChange	4	2	0	2000
204	10	22	4	6	1	2000	202	529	57	2	2	0	2000
204	10	23	4	2	0	2000	201	720	NoChange	4	6	1	2000
204	10	24	1	4	0	2000	212	662	NoChange	4	2	0	2000
204	10	25	2	4	0	2000	201	1455	NoChange	1	4	0	2000
204	10	26	2	2	1	2000	211	745	59	2	4	0	2000
204	10	27	3	6	0	2000	201	727	NoChange	2	2	1	2000
204	10	28	4	2	1	2000	202	501	58	3	6	0	2000
204	10	29	2	6	0	2000	201	684	NoChange	4	2	1	2000
204	10	30	4	4	1	2000	202	636	59	2	6	0	2000
204	10	31	4	6	0	2000	212	526	NoChange	4	4	1	2000
204	10	32	4	2	1	2000	202	636	60	4	6	0	2000
204	10	33	3	6	1	2000	202	526	58	4	2	1	2000
204	10	34	1	2	1	2000	202	453	1741	3	6	1	2000
204	10	35	3	6	1	2000	202	1454	59	1	2	1	2000
204	10	36	1	6	0	2000	212	359	NoChange	3	6	1	2000
204	10	37	2	6	1	2000	202	460	60	1	6	0	2000
204	10	38	3	4	0	2000	201	933	NoChange	2	6	1	2000
204	10	39	3	6	0	2000	201	579	NoChange	3	4	0	2000
204	10	40	3	2	0	2000	201	671	NoChange	3	6	0	2000
204	10	41	3	4	1	2000	211	720	60	3	2	0	2000
204	10	42	1	4	0	2000	212	566	NoChange	3	4	1	2000
204	10	43	1	6	0	2000	201	699	NoChange	1	4	0	2000
204	10	44	1	6	1	2000	202	522	1789	1	6	0	2000
204	10	45	1	2	0	2000	201	752	NoChange	1	6	1	2000
204	10	46	4	4	0	2000	201	654	NoChange	1	2	0	2000
204	10	47	1	2	1	2000	202	527	1798	4	4	0	2000
204	10	48	2	2	0	2000	201	509	NoChange	1	2	1	2000
204	11	1	4	6	0	2000	212	736	NoChange	0	0	0	
204	11	2	2	6	0	2000	201	814	NoChange	4	6	0	2000
204	11	3	3	4	1	2000	211	1210	61	2	6	0	2000
204	11	4	1	4	0	2000	201	717	NoChange	3	4	1	2000
204	11	5	3	2	1	2000	202	491	62	1	4	0	2000
204	11	6	3	4	1	2000	202	755	63	3	2	1	2000
204	11	7	1	6	1	2000	202	712	1830	3	4	1	2000
204	11	8	1	2	1	2000	202	447	1833	1	6	1	2000
204	11	9	4	2	1	2000	202	457	61	1	2	1	2000
204	11	10	4	2	0	2000	201	890	NoChange	4	2	1	2000
204	11	11	2	4	0	2000	201	1642	NoChange	4	2	0	2000
204	11	12	2	4	0	2000	201	524	NoChange	2	4	0	2000
204	11	13	3	2	1	2000	202	939	64	2	4	0	2000
204	11	14	4	4	0	2000	201	601	NoChange	3	2	1	2000
204	11	15	4	4	0	2000	201	884	NoChange	4	4	0	2000
204	11	16	2	6	1	2000	211	908	61	4	4	0	2000
204	11	17	2	2	1	2000	211	1091	62	2	6	1	2000
204	11	18	4	6	0	2000	212	963	NoChange	2	2	1	2000
204	11	19	3	6	1	2000	202	832	65	4	6	0	2000
204	11	20	2	2	0	2000	212	1370	NoChange	3	6	1	2000
204	11	21	2	4	1	2000	211	759	63	2	2	0	2000
204	11	22	4	4	1	2000	202	924	62	2	4	1	2000
204	11	23	2	2	0	2000	201	674	NoChange	4	4	1	2000
204	11	24	2	2	1	2000	202	595	64	2	2	0	2000
204	11	25	1	4	1	2000	202	503	1886	2	2	1	2000
204	11	26	3	6	0	2000	201	1118	NoChange	1	4	1	2000
204	11	27	3	4	0	2000	201	988	NoChange	3	6	0	2000
204	11	28	3	4	0	2000	201	560	NoChange	3	4	0	2000
204	11	29	2	6	0	2000	212	573	NoChange	3	4	0	2000
204	11	30	1	4	1	2000	202	578	1911	2	6	0	2000
204	11	31	4	2	0	2000	201	838	NoChange	1	4	1	2000
204	11	32	1	4	0	2000	201	768	NoChange	4	2	0	2000
204	11	33	3	6	1	2000	202	677	66	1	4	0	2000
204	11	34	4	6	1	2000	202	445	63	3	6	1	2000
204	11	35	1	6	1	2000	202	559	1934	4	6	1	2000
204	11	36	2	4	1	2000	202	452	65	1	6	1	2000
204	11	37	4	4	1	2000	202	413	64	2	4	1	2000
204	11	38	3	2	0	2000	201	560	NoChange	4	4	1	2000
204	11	39	1	6	0	2000	212	821	NoChange	3	2	0	2000
204	11	40	4	6	1	2000	202	536	65	1	6	0	2000
204	11	41	4	2	1	2000	202	549	66	4	6	1	2000
204	11	42	1	2	0	2000	212	794	NoChange	4	2	1	2000
204	11	43	1	2	0	2000	201	654	NoChange	1	2	0	2000
204	11	44	3	2	0	2000	201	1087	NoChange	1	2	0	2000
204	11	45	2	6	1	2000	202	551	66	3	2	0	2000
204	11	46	3	6	0	2000	201	1261	NoChange	2	6	1	2000
204	11	47	1	6	0	2000	212	678	NoChange	3	6	0	2000
204	11	48	1	2	1	2000	202	398	1980	1	6	0	2000
204	12	1	2	6	0	2000	212	1263	NoChange	0	0	0	
204	12	2	1	2	0	2000	201	792	NoChange	2	6	0	2000
204	12	3	4	4	1	2000	202	1148	67	1	2	0	2000
204	12	4	3	6	0	2000	201	833	NoChange	4	4	1	2000
204	12	5	1	6	1	2000	202	403	2004	3	6	0	2000
204	12	6	2	6	1	2000	211	750	67	1	6	1	2000
204	12	7	3	4	1	2000	211	1252	67	2	6	1	2000
204	12	8	4	6	1	2000	202	557	68	3	4	1	2000
204	12	9	1	6	1	2000	202	610	2024	4	6	1	2000
204	12	10	2	4	1	2000	202	429	68	1	6	1	2000
204	12	11	2	4	0	2000	212	367	NoChange	2	4	1	2000
204	12	12	4	4	0	2000	212	796	NoChange	2	4	0	2000
204	12	13	3	2	0	2000	201	1512	NoChange	4	4	0	2000
204	12	14	3	2	0	2000	201	471	NoChange	3	2	0	2000
204	12	15	3	6	0	2000	201	872	NoChange	3	2	0	2000
204	12	16	3	6	1	2000	211	752	68	3	6	0	2000
204	12	17	1	6	0	2000	212	845	NoChange	3	6	1	2000
204	12	18	2	2	1	2000	202	543	69	1	6	0	2000
204	12	19	3	6	1	2000	211	677	69	2	2	1	2000
204	12	20	3	2	1	2000	211	749	70	3	6	1	2000
204	12	21	4	6	0	2000	201	786	NoChange	3	2	1	2000
204	12	22	1	2	1	2000	202	558	2072	4	6	0	2000
204	12	23	2	2	0	2000	201	676	NoChange	1	2	1	2000
204	12	24	2	2	0	2000	201	844	NoChange	2	2	0	2000
204	12	25	3	4	1	2000	202	1014	71	2	2	0	2000
204	12	26	1	4	1	2000	202	481	2084	3	4	1	2000
204	12	27	2	2	1	2000	202	825	70	1	4	1	2000
204	12	28	3	4	0	2000	201	1244	NoChange	2	2	1	2000
204	12	29	1	4	0	2000	201	686	NoChange	3	4	0	2000
204	12	30	4	2	0	2000	201	662	NoChange	1	4	0	2000
204	12	31	1	6	0	2000	201	727	NoChange	4	2	0	2000
204	12	32	1	4	1	2000	211	614	2106	1	6	0	2000
204	12	33	4	2	0	2000	201	369	NoChange	1	4	1	2000
204	12	34	4	6	0	2000	201	1277	NoChange	4	2	0	2000
204	12	35	4	6	1	2000	202	726	69	4	6	0	2000
204	12	36	4	4	1	2000	202	724	70	4	6	1	2000
204	12	37	2	4	0	2000	201	1075	NoChange	4	4	1	2000
204	12	38	3	2	1	2000	202	875	72	2	4	0	2000
204	12	39	4	2	1	2000	202	540	71	3	2	1	2000
204	12	40	3	4	0	2000	201	706	NoChange	4	2	1	2000
204	12	41	2	4	1	2000	202	721	71	3	4	0	2000
204	12	42	4	4	0	2000	201	583	NoChange	2	4	1	2000
204	12	43	1	2	0	2000	201	979	NoChange	4	4	0	2000
204	12	44	2	6	0	2000	201	744	NoChange	1	2	0	2000
204	12	45	4	2	1	2000	202	453	72	2	6	0	2000
204	12	46	1	2	1	2000	202	526	2151	4	2	1	2000
204	12	47	2	6	1	2000	202	445	72	1	2	1	2000
204	12	48	1	4	0	2000	201	767	NoChange	2	6	1	2000
