#subject	block	trial	condition	setsize	change	time	responses	time	Pic	prev_condition	prev_setsize	prev_change	prev_time
206	1	1	3	2	0	2000	201	1239	NoChange	0	0	0	
206	1	2	4	2	0	2000	201	1081	NoChange	3	2	0	2000
206	1	3	3	2	1	2000	202	1314	1	4	2	0	2000
206	1	4	3	2	0	2000	201	1329	NoChange	3	2	1	2000
206	1	5	4	4	1	2000	202	1800	1	3	2	0	2000
206	1	6	2	2	1	2000	211	1699	1	4	4	1	2000
206	1	7	3	4	0	2000	201	1483	NoChange	2	2	1	2000
206	1	8	1	6	1	2000	202	1195	22	3	4	0	2000
206	1	9	4	2	1	2000	202	1159	2	1	6	1	2000
206	1	10	2	4	1	2000	211	1524	2	4	2	1	2000
206	1	11	2	2	0	2000	201	1227	NoChange	2	4	1	2000
206	1	12	4	4	0	2000	201	1006	NoChange	2	2	0	2000
206	1	13	3	6	1	2000	202	1321	2	4	4	0	2000
206	1	14	3	4	1	2000	202	1304	3	3	6	1	2000
206	1	15	1	4	0	2000	201	1671	NoChange	3	4	1	2000
206	1	16	3	4	1	2000	211	2304	4	1	4	0	2000
206	1	17	3	6	0	2000	212	1072	NoChange	3	4	1	2000
206	1	18	4	4	0	2000	201	1400	NoChange	3	6	0	2000
206	1	19	3	4	0	2000	201	1172	NoChange	4	4	0	2000
206	1	20	4	6	0	2000	212	2016	NoChange	3	4	0	2000
206	1	21	1	6	1	2000	202	1163	74	4	6	0	2000
206	1	22	2	4	1	2000	211	985	3	1	6	1	2000
206	1	23	4	6	1	2000	202	1125	3	2	4	1	2000
206	1	24	1	2	0	2000	201	1155	NoChange	4	6	1	2000
206	1	25	1	4	0	2000	212	1337	NoChange	1	2	0	2000
206	1	26	4	4	1	2000	202	959	4	1	4	0	2000
206	1	27	1	2	0	2000	201	956	NoChange	4	4	1	2000
206	1	28	2	4	0	2000	201	1617	NoChange	1	2	0	2000
206	1	29	2	2	0	2000	201	1164	NoChange	2	4	0	2000
206	1	30	1	6	0	2000	212	1129	NoChange	2	2	0	2000
206	1	31	1	2	1	2000	202	1112	108	1	6	0	2000
206	1	32	4	6	0	2000	201	1391	NoChange	1	2	1	2000
206	1	33	4	2	1	2000	202	3267	5	4	6	0	2000
206	1	34	2	6	1	2000	202	1381	4	4	2	1	2000
206	1	35	3	2	1	2000	202	1818	5	2	6	1	2000
206	1	36	2	4	0	2000	201	1117	NoChange	3	2	1	2000
206	1	37	1	4	1	2000	202	1115	130	2	4	0	2000
206	1	38	4	2	0	2000	201	1194	NoChange	1	4	1	2000
206	1	39	2	6	0	2000	201	1406	NoChange	4	2	0	2000
206	1	40	1	4	1	2000	202	937	143	2	6	0	2000
206	1	41	1	2	1	2000	202	831	146	1	4	1	2000
206	1	42	3	6	0	2000	201	1290	NoChange	1	2	1	2000
206	1	43	1	6	0	2000	212	1698	NoChange	3	6	0	2000
206	1	44	4	6	1	2000	202	1282	6	1	6	0	2000
206	1	45	3	6	1	2000	202	1538	6	4	6	1	2000
206	1	46	2	6	1	2000	202	1176	5	3	6	1	2000
206	1	47	2	2	1	2000	202	997	6	2	6	1	2000
206	1	48	2	6	0	2000	201	1049	NoChange	2	2	1	2000
206	2	1	4	4	0	2000	212	2062	NoChange	0	0	0	
206	2	2	3	2	0	2000	201	1791	NoChange	4	4	0	2000
206	2	3	1	4	0	2000	212	1316	NoChange	3	2	0	2000
206	2	4	4	6	1	2000	202	1498	7	1	4	0	2000
206	2	5	3	6	1	2000	211	1442	7	4	6	1	2000
206	2	6	3	4	0	2000	201	1828	NoChange	3	6	1	2000
206	2	7	4	6	0	2000	212	1039	NoChange	3	4	0	2000
206	2	8	1	2	0	2000	201	1057	NoChange	4	6	0	2000
206	2	9	3	4	1	2000	211	1978	8	1	2	0	2000
206	2	10	3	4	0	2000	201	1031	NoChange	3	4	1	2000
206	2	11	4	2	0	2000	201	1130	NoChange	3	4	0	2000
206	2	12	3	6	0	2000	212	2616	NoChange	4	2	0	2000
206	2	13	1	2	1	2000	202	1019	230	3	6	0	2000
206	2	14	2	6	0	2000	212	1638	NoChange	1	2	1	2000
206	2	15	1	4	0	2000	201	1144	NoChange	2	6	0	2000
206	2	16	2	2	1	2000	211	1574	7	1	4	0	2000
206	2	17	1	4	1	2000	202	1139	246	2	2	1	2000
206	2	18	2	2	1	2000	202	1073	8	1	4	1	2000
206	2	19	1	6	1	2000	202	1170	254	2	2	1	2000
206	2	20	2	6	1	2000	202	2830	9	1	6	1	2000
206	2	21	3	2	1	2000	202	1706	9	2	6	1	2000
206	2	22	1	6	0	2000	212	1081	NoChange	3	2	1	2000
206	2	23	3	6	1	2000	202	1498	10	1	6	0	2000
206	2	24	2	6	0	2000	201	1114	NoChange	3	6	1	2000
206	2	25	4	4	1	2000	211	1545	8	2	6	0	2000
206	2	26	2	2	0	2000	201	1183	NoChange	4	4	1	2000
206	2	27	1	6	1	2000	202	1323	289	2	2	0	2000
206	2	28	2	4	0	2000	201	1434	NoChange	1	6	1	2000
206	2	29	3	2	0	2000	201	996	NoChange	2	4	0	2000
206	2	30	1	4	1	2000	202	1408	300	3	2	0	2000
206	2	31	4	2	1	2000	202	1252	9	1	4	1	2000
206	2	32	1	2	0	2000	201	1029	NoChange	4	2	1	2000
206	2	33	4	4	0	2000	201	1088	NoChange	1	2	0	2000
206	2	34	4	6	0	2000	212	1367	NoChange	4	4	0	2000
206	2	35	2	6	1	2000	202	1596	10	4	6	0	2000
206	2	36	4	2	0	2000	201	1024	NoChange	2	6	1	2000
206	2	37	2	2	0	2000	201	803	NoChange	4	2	0	2000
206	2	38	1	6	0	2000	212	1294	NoChange	2	2	0	2000
206	2	39	3	2	1	2000	202	1190	11	1	6	0	2000
206	2	40	2	4	0	2000	201	1650	NoChange	3	2	1	2000
206	2	41	4	4	1	2000	202	1060	10	2	4	0	2000
206	2	42	4	6	1	2000	202	1069	11	4	4	1	2000
206	2	43	2	4	1	2000	202	1934	11	4	6	1	2000
206	2	44	3	4	1	2000	211	1372	12	2	4	1	2000
206	2	45	1	2	1	2000	202	1097	350	3	4	1	2000
206	2	46	3	6	0	2000	201	1321	NoChange	1	2	1	2000
206	2	47	2	4	1	2000	202	1263	12	3	6	0	2000
206	2	48	4	2	1	2000	202	913	12	2	4	1	2000
206	3	1	1	4	1	2000	202	1231	365	0	0	0	
206	3	2	2	4	1	2000	211	1449	13	1	4	1	2000
206	3	3	1	6	1	2000	202	1179	375	2	4	1	2000
206	3	4	2	4	0	2000	212	2568	NoChange	1	6	1	2000
206	3	5	4	6	1	2000	202	1109	13	2	4	0	2000
206	3	6	2	2	1	2000	202	1188	14	4	6	1	2000
206	3	7	4	6	1	2000	211	1312	14	2	2	1	2000
206	3	8	1	2	0	2000	201	1103	NoChange	4	6	1	2000
206	3	9	4	6	0	2000	212	1207	NoChange	1	2	0	2000
206	3	10	4	2	1	2000	202	1434	15	4	6	0	2000
206	3	11	1	6	1	2000	202	1172	406	4	2	1	2000
206	3	12	4	4	0	2000	201	1161	NoChange	1	6	1	2000
206	3	13	4	4	0	2000	212	1102	NoChange	4	4	0	2000
206	3	14	1	2	0	2000	201	1110	NoChange	4	4	0	2000
206	3	15	2	4	0	2000	201	1613	NoChange	1	2	0	2000
206	3	16	1	2	1	2000	202	952	423	2	4	0	2000
206	3	17	2	4	1	2000	211	1270	15	1	2	1	2000
206	3	18	3	6	1	2000	202	1758	13	2	4	1	2000
206	3	19	4	2	1	2000	202	1028	16	3	6	1	2000
206	3	20	4	2	0	2000	201	1550	NoChange	4	2	1	2000
206	3	21	4	4	1	2000	202	1036	17	4	2	0	2000
206	3	22	4	4	1	2000	202	1758	18	4	4	1	2000
206	3	23	2	6	1	2000	202	1387	16	4	4	1	2000
206	3	24	1	6	0	2000	212	1695	NoChange	2	6	1	2000
206	3	25	2	2	0	2000	201	928	NoChange	1	6	0	2000
206	3	26	3	4	0	2000	212	4206	NoChange	2	2	0	2000
206	3	27	3	2	1	2000	202	1347	14	3	4	0	2000
206	3	28	2	6	1	2000	202	993	17	3	2	1	2000
206	3	29	4	6	0	2000	201	1077	NoChange	2	6	1	2000
206	3	30	2	6	0	2000	201	1461	NoChange	4	6	0	2000
206	3	31	4	2	0	2000	201	1119	NoChange	2	6	0	2000
206	3	32	3	2	1	2000	202	1469	15	4	2	0	2000
206	3	33	2	2	1	2000	202	1118	18	3	2	1	2000
206	3	34	1	4	0	2000	201	1597	NoChange	2	2	1	2000
206	3	35	1	6	0	2000	212	1481	NoChange	1	4	0	2000
206	3	36	3	6	0	2000	212	1857	NoChange	1	6	0	2000
206	3	37	3	6	0	2000	201	1587	NoChange	3	6	0	2000
206	3	38	3	4	1	2000	211	1487	16	3	6	0	2000
206	3	39	2	6	0	2000	201	1359	NoChange	3	4	1	2000
206	3	40	1	4	0	2000	212	1701	NoChange	2	6	0	2000
206	3	41	3	4	1	2000	202	1772	17	1	4	0	2000
206	3	42	3	6	1	2000	202	1529	18	3	4	1	2000
206	3	43	2	2	0	2000	201	896	NoChange	3	6	1	2000
206	3	44	3	2	0	2000	201	928	NoChange	2	2	0	2000
206	3	45	3	2	0	2000	201	1318	NoChange	3	2	0	2000
206	3	46	1	4	1	2000	202	1141	533	3	2	0	2000
206	3	47	1	2	1	2000	202	851	536	1	4	1	2000
206	3	48	3	4	0	2000	201	1060	NoChange	1	2	1	2000
206	4	1	4	4	0	2000	212	2540	NoChange	0	0	0	
206	4	2	1	2	0	2000	201	947	NoChange	4	4	0	2000
206	4	3	4	6	1	2000	202	1105	19	1	2	0	2000
206	4	4	2	2	1	2000	211	1472	19	4	6	1	2000
206	4	5	1	4	0	2000	201	1257	NoChange	2	2	1	2000
206	4	6	1	2	0	2000	201	818	NoChange	1	4	0	2000
206	4	7	4	2	1	2000	202	1060	20	1	2	0	2000
206	4	8	2	6	0	2000	201	1214	NoChange	4	2	1	2000
206	4	9	2	4	1	2000	202	2105	20	2	6	0	2000
206	4	10	3	6	1	2000	202	1649	19	2	4	1	2000
206	4	11	1	6	0	2000	201	914	NoChange	3	6	1	2000
206	4	12	1	2	1	2000	202	842	582	1	6	0	2000
206	4	13	1	4	1	2000	202	1628	587	1	2	1	2000
206	4	14	1	2	1	2000	202	998	590	1	4	1	2000
206	4	15	4	2	0	2000	201	786	NoChange	1	2	1	2000
206	4	16	3	4	0	2000	201	2182	NoChange	4	2	0	2000
206	4	17	3	6	1	2000	202	1090	20	3	4	0	2000
206	4	18	3	4	1	2000	202	794	21	3	6	1	2000
206	4	19	4	6	1	2000	202	942	21	3	4	1	2000
206	4	20	3	2	0	2000	201	1140	NoChange	4	6	1	2000
206	4	21	1	6	1	2000	202	922	618	3	2	0	2000
206	4	22	2	6	1	2000	202	1488	21	1	6	1	2000
206	4	23	2	2	0	2000	201	1392	NoChange	2	6	1	2000
206	4	24	3	4	1	2000	202	1908	22	2	2	0	2000
206	4	25	2	6	1	2000	202	1428	22	3	4	1	2000
206	4	26	4	4	1	2000	211	1455	22	2	6	1	2000
206	4	27	4	6	0	2000	201	1128	NoChange	4	4	1	2000
206	4	28	3	2	1	2000	202	1183	23	4	6	0	2000
206	4	29	3	2	0	2000	201	867	NoChange	3	2	1	2000
206	4	30	3	2	1	2000	202	1259	24	3	2	0	2000
206	4	31	3	4	0	2000	201	1325	NoChange	3	2	1	2000
206	4	32	2	2	0	2000	201	2043	NoChange	3	4	0	2000
206	4	33	1	4	1	2000	202	1830	657	2	2	0	2000
206	4	34	4	2	0	2000	201	1369	NoChange	1	4	1	2000
206	4	35	3	6	0	2000	212	2517	NoChange	4	2	0	2000
206	4	36	3	6	0	2000	212	1237	NoChange	3	6	0	2000
206	4	37	4	2	1	2000	202	1191	23	3	6	0	2000
206	4	38	2	2	1	2000	202	1083	23	4	2	1	2000
206	4	39	2	4	0	2000	201	1851	NoChange	2	2	1	2000
206	4	40	1	6	1	2000	202	1252	684	2	4	0	2000
206	4	41	1	6	0	2000	212	1302	NoChange	1	6	1	2000
206	4	42	1	4	0	2000	201	1069	NoChange	1	6	0	2000
206	4	43	2	4	1	2000	202	1038	24	1	4	0	2000
206	4	44	4	4	1	2000	202	904	24	2	4	1	2000
206	4	45	2	4	0	2000	201	1151	NoChange	4	4	1	2000
206	4	46	4	6	0	2000	212	1124	NoChange	2	4	0	2000
206	4	47	4	4	0	2000	201	1435	NoChange	4	6	0	2000
206	4	48	2	6	0	2000	212	1277	NoChange	4	4	0	2000
206	5	1	1	4	1	2000	202	1027	725	0	0	0	
206	5	2	2	4	0	2000	201	1069	NoChange	1	4	1	2000
206	5	3	3	6	0	2000	212	1934	NoChange	2	4	0	2000
206	5	4	2	2	0	2000	201	964	NoChange	3	6	0	2000
206	5	5	4	2	0	2000	201	1018	NoChange	2	2	0	2000
206	5	6	4	2	1	2000	202	868	25	4	2	0	2000
206	5	7	2	6	1	2000	202	1653	25	4	2	1	2000
206	5	8	1	2	0	2000	201	734	NoChange	2	6	1	2000
206	5	9	1	4	1	2000	202	1212	752	1	2	0	2000
206	5	10	3	6	1	2000	202	1335	25	1	4	1	2000
206	5	11	2	2	0	2000	201	1093	NoChange	3	6	1	2000
206	5	12	3	2	1	2000	202	1093	26	2	2	0	2000
206	5	13	4	4	0	2000	212	1037	NoChange	3	2	1	2000
206	5	14	3	4	1	2000	211	1255	27	4	4	0	2000
206	5	15	2	4	1	2000	202	737	26	3	4	1	2000
206	5	16	1	2	0	2000	201	1607	NoChange	2	4	1	2000
206	5	17	2	4	1	2000	202	1346	27	1	2	0	2000
206	5	18	3	2	0	2000	201	1072	NoChange	2	4	1	2000
206	5	19	2	6	1	2000	202	1361	28	3	2	0	2000
206	5	20	1	2	1	2000	202	958	785	2	6	1	2000
206	5	21	2	2	1	2000	202	931	29	1	2	1	2000
206	5	22	1	6	0	2000	201	1362	NoChange	2	2	1	2000
206	5	23	4	6	0	2000	201	3631	NoChange	1	6	0	2000
206	5	24	3	4	0	2000	212	2178	NoChange	4	6	0	2000
206	5	25	2	4	0	2000	201	1191	NoChange	3	4	0	2000
206	5	26	4	6	0	2000	201	3676	NoChange	2	4	0	2000
206	5	27	1	6	1	2000	202	1213	819	4	6	0	2000
206	5	28	3	2	0	2000	201	1424	NoChange	1	6	1	2000
206	5	29	3	6	1	2000	202	875	28	3	2	0	2000
206	5	30	3	4	1	2000	211	1444	29	3	6	1	2000
206	5	31	1	4	0	2000	201	1214	NoChange	3	4	1	2000
206	5	32	4	2	0	2000	201	817	NoChange	1	4	0	2000
206	5	33	4	2	1	2000	202	932	26	4	2	0	2000
206	5	34	4	6	1	2000	202	834	27	4	2	1	2000
206	5	35	2	6	0	2000	201	1251	NoChange	4	6	1	2000
206	5	36	2	6	0	2000	212	1133	NoChange	2	6	0	2000
206	5	37	3	2	1	2000	202	835	30	2	6	0	2000
206	5	38	4	4	1	2000	202	1253	28	3	2	1	2000
206	5	39	1	6	1	2000	202	846	864	4	4	1	2000
206	5	40	1	6	0	2000	212	1120	NoChange	1	6	1	2000
206	5	41	2	2	1	2000	202	1135	30	1	6	0	2000
206	5	42	3	6	0	2000	212	1173	NoChange	2	2	1	2000
206	5	43	4	4	1	2000	202	913	29	3	6	0	2000
206	5	44	1	2	1	2000	202	800	883	4	4	1	2000
206	5	45	3	4	0	2000	212	2124	NoChange	1	2	1	2000
206	5	46	4	4	0	2000	212	1195	NoChange	3	4	0	2000
206	5	47	4	6	1	2000	202	1135	30	4	4	0	2000
206	5	48	1	4	0	2000	201	1501	NoChange	4	6	1	2000
206	6	1	1	4	1	2000	202	930	905	0	0	0	
206	6	2	2	2	1	2000	202	1033	31	1	4	1	2000
206	6	3	3	2	1	2000	202	907	31	2	2	1	2000
206	6	4	3	4	0	2000	201	1002	NoChange	3	2	1	2000
206	6	5	3	4	1	2000	202	1293	32	3	4	0	2000
206	6	6	3	6	1	2000	202	1701	33	3	4	1	2000
206	6	7	1	2	0	2000	201	1173	NoChange	3	6	1	2000
206	6	8	2	6	1	2000	202	1297	32	1	2	0	2000
206	6	9	2	2	0	2000	201	1193	NoChange	2	6	1	2000
206	6	10	2	2	0	2000	212	2061	NoChange	2	2	0	2000
206	6	11	1	2	0	2000	201	871	NoChange	2	2	0	2000
206	6	12	2	6	1	2000	202	1200	33	1	2	0	2000
206	6	13	1	2	1	2000	202	1003	940	2	6	1	2000
206	6	14	3	2	0	2000	201	838	NoChange	1	2	1	2000
206	6	15	1	6	0	2000	212	1032	NoChange	3	2	0	2000
206	6	16	4	2	0	2000	201	1130	NoChange	1	6	0	2000
206	6	17	3	6	0	2000	212	1081	NoChange	4	2	0	2000
206	6	18	2	4	1	2000	202	1049	34	3	6	0	2000
206	6	19	2	4	0	2000	201	1203	NoChange	2	4	1	2000
206	6	20	1	6	1	2000	202	926	970	2	4	0	2000
206	6	21	1	6	1	2000	202	1005	977	1	6	1	2000
206	6	22	4	6	1	2000	202	2344	31	1	6	1	2000
206	6	23	4	6	1	2000	202	1142	32	4	6	1	2000
206	6	24	2	6	0	2000	212	1236	NoChange	4	6	1	2000
206	6	25	3	4	0	2000	201	1262	NoChange	2	6	0	2000
206	6	26	1	6	0	2000	201	960	NoChange	3	4	0	2000
206	6	27	2	4	0	2000	212	1293	NoChange	1	6	0	2000
206	6	28	3	6	1	2000	202	917	34	2	4	0	2000
206	6	29	1	4	1	2000	202	1004	1017	3	6	1	2000
206	6	30	1	2	1	2000	202	1039	1020	1	4	1	2000
206	6	31	4	4	1	2000	211	1217	33	1	2	1	2000
206	6	32	2	4	1	2000	202	763	35	4	4	1	2000
206	6	33	4	6	0	2000	201	4257	NoChange	2	4	1	2000
206	6	34	3	2	0	2000	201	963	NoChange	4	6	0	2000
206	6	35	4	2	1	2000	202	1016	34	3	2	0	2000
206	6	36	3	4	1	2000	211	1371	35	4	2	1	2000
206	6	37	1	4	0	2000	201	1440	NoChange	3	4	1	2000
206	6	38	4	4	1	2000	202	1026	35	1	4	0	2000
206	6	39	4	4	0	2000	201	877	NoChange	4	4	1	2000
206	6	40	3	6	0	2000	212	949	NoChange	4	4	0	2000
206	6	41	4	4	0	2000	201	1378	NoChange	3	6	0	2000
206	6	42	4	2	0	2000	201	1047	NoChange	4	4	0	2000
206	6	43	2	6	0	2000	212	2409	NoChange	4	2	0	2000
206	6	44	4	6	0	2000	201	877	NoChange	2	6	0	2000
206	6	45	4	2	1	2000	202	869	36	4	6	0	2000
206	6	46	1	4	0	2000	201	1182	NoChange	4	2	1	2000
206	6	47	3	2	1	2000	202	1242	36	1	4	0	2000
206	6	48	2	2	1	2000	202	1188	36	3	2	1	2000
206	7	1	4	6	1	2000	202	2813	37	0	0	0	
206	7	2	3	4	0	2000	201	1088	NoChange	4	6	1	2000
206	7	3	3	2	0	2000	201	1312	NoChange	3	4	0	2000
206	7	4	3	6	1	2000	202	3456	37	3	2	0	2000
206	7	5	2	6	1	2000	202	2234	37	3	6	1	2000
206	7	6	1	4	0	2000	201	4420	NoChange	2	6	1	2000
206	7	7	3	6	1	2000	202	4896	38	1	4	0	2000
206	7	8	4	6	0	2000	212	2690	NoChange	3	6	1	2000
206	7	9	4	2	0	2000	201	1450	NoChange	4	6	0	2000
206	7	10	4	4	0	2000	201	3972	NoChange	4	2	0	2000
206	7	11	4	2	0	2000	201	1658	NoChange	4	4	0	2000
206	7	12	1	4	1	2000	202	3707	1129	4	2	0	2000
206	7	13	2	4	0	2000	201	1635	NoChange	1	4	1	2000
206	7	14	2	2	0	2000	201	1118	NoChange	2	4	0	2000
206	7	15	3	4	1	2000	211	1572	39	2	2	0	2000
206	7	16	2	6	0	2000	201	1721	NoChange	3	4	1	2000
206	7	17	1	4	0	2000	201	1344	NoChange	2	6	0	2000
206	7	18	3	2	1	2000	202	1102	40	1	4	0	2000
206	7	19	1	2	0	2000	201	1053	NoChange	3	2	1	2000
206	7	20	3	2	0	2000	201	1295	NoChange	1	2	0	2000
206	7	21	4	6	1	2000	202	1735	38	3	2	0	2000
206	7	22	2	2	1	2000	202	3733	38	4	6	1	2000
206	7	23	3	2	1	2000	202	1556	41	2	2	1	2000
206	7	24	1	6	1	2000	202	1409	1167	3	2	1	2000
206	7	25	1	6	0	2000	201	3485	NoChange	1	6	1	2000
206	7	26	4	4	0	2000	201	1750	NoChange	1	6	0	2000
206	7	27	4	6	0	2000	201	1483	NoChange	4	4	0	2000
206	7	28	1	2	0	2000	201	1043	NoChange	4	6	0	2000
206	7	29	1	2	1	2000	202	1701	1188	1	2	0	2000
206	7	30	4	2	1	2000	202	1477	39	1	2	1	2000
206	7	31	3	4	1	2000	211	1950	42	4	2	1	2000
206	7	32	3	6	0	2000	212	1403	NoChange	3	4	1	2000
206	7	33	2	6	0	2000	201	1255	NoChange	3	6	0	2000
206	7	34	2	6	1	2000	202	1248	39	2	6	0	2000
206	7	35	4	4	1	2000	202	873	40	2	6	1	2000
206	7	36	1	4	1	2000	202	1322	1217	4	4	1	2000
206	7	37	2	4	1	2000	211	1193	40	1	4	1	2000
206	7	38	2	2	1	2000	202	917	41	2	4	1	2000
206	7	39	3	4	0	2000	201	1323	NoChange	2	2	1	2000
206	7	40	1	6	1	2000	202	1018	1232	3	4	0	2000
206	7	41	2	2	0	2000	201	1237	NoChange	1	6	1	2000
206	7	42	4	4	1	2000	211	2607	41	2	2	0	2000
206	7	43	1	6	0	2000	212	1211	NoChange	4	4	1	2000
206	7	44	2	4	0	2000	201	958	NoChange	1	6	0	2000
206	7	45	3	6	0	2000	201	995	NoChange	2	4	0	2000
206	7	46	4	2	1	2000	202	1055	42	3	6	0	2000
206	7	47	1	2	1	2000	202	712	1257	4	2	1	2000
206	7	48	2	4	1	2000	211	1664	42	1	2	1	2000
206	8	1	3	4	1	2000	202	2289	43	0	0	0	
206	8	2	1	6	0	2000	201	738	NoChange	3	4	1	2000
206	8	3	3	6	0	2000	212	2431	NoChange	1	6	0	2000
206	8	4	3	2	0	2000	201	1002	NoChange	3	6	0	2000
206	8	5	2	4	1	2000	202	893	43	3	2	0	2000
206	8	6	4	2	1	2000	202	4301	43	2	4	1	2000
206	8	7	4	2	1	2000	202	1645	44	4	2	1	2000
206	8	8	1	6	0	2000	212	1296	NoChange	4	2	1	2000
206	8	9	3	4	0	2000	201	1880	NoChange	1	6	0	2000
206	8	10	4	6	1	2000	202	1241	45	3	4	0	2000
206	8	11	4	4	0	2000	201	1315	NoChange	4	6	1	2000
206	8	12	1	2	0	2000	201	3857	NoChange	4	4	0	2000
206	8	13	2	4	0	2000	201	1972	NoChange	1	2	0	2000
206	8	14	1	4	0	2000	201	3361	NoChange	2	4	0	2000
206	8	15	4	2	0	2000	201	4055	NoChange	1	4	0	2000
206	8	16	2	2	0	2000	201	1617	NoChange	4	2	0	2000
206	8	17	1	2	0	2000	201	3692	NoChange	2	2	0	2000
206	8	18	3	2	0	2000	201	1525	NoChange	1	2	0	2000
206	8	19	1	2	1	2000	202	1748	1322	3	2	0	2000
206	8	20	1	6	1	2000	202	1746	1329	1	2	1	2000
206	8	21	2	4	1	2000	202	1632	44	1	6	1	2000
206	8	22	2	6	1	2000	202	1162	45	2	4	1	2000
206	8	23	2	6	1	2000	202	2199	46	2	6	1	2000
206	8	24	1	6	1	2000	202	4955	1349	2	6	1	2000
206	8	25	2	2	1	2000	202	2706	47	1	6	1	2000
206	8	26	1	4	0	2000	201	1634	NoChange	2	2	1	2000
206	8	27	4	6	0	2000	212	1604	NoChange	1	4	0	2000
206	8	28	2	2	0	2000	201	1408	NoChange	4	6	0	2000
206	8	29	4	6	0	2000	212	1435	NoChange	2	2	0	2000
206	8	30	3	4	1	2000	202	1781	44	4	6	0	2000
206	8	31	3	4	0	2000	201	1425	NoChange	3	4	1	2000
206	8	32	1	2	1	2000	202	1812	1378	3	4	0	2000
206	8	33	3	6	0	2000	201	5248	NoChange	1	2	1	2000
206	8	34	3	2	1	2000	202	1651	45	3	6	0	2000
206	8	35	4	6	1	2000	202	1804	46	3	2	1	2000
206	8	36	3	2	1	2000	202	3224	46	4	6	1	2000
206	8	37	4	4	1	2000	202	1467	47	3	2	1	2000
206	8	38	4	2	0	2000	201	1308	NoChange	4	4	1	2000
206	8	39	4	4	0	2000	201	1499	NoChange	4	2	0	2000
206	8	40	1	4	1	2000	202	1619	1405	4	4	0	2000
206	8	41	2	6	0	2000	212	1430	NoChange	1	4	1	2000
206	8	42	4	4	1	2000	202	1272	48	2	6	0	2000
206	8	43	3	6	1	2000	202	1025	47	4	4	1	2000
206	8	44	2	4	0	2000	201	1028	NoChange	3	6	1	2000
206	8	45	2	6	0	2000	201	1382	NoChange	2	4	0	2000
206	8	46	2	2	1	2000	202	3354	48	2	6	0	2000
206	8	47	1	4	1	2000	202	1497	1435	2	2	1	2000
206	8	48	3	6	1	2000	202	1497	48	1	4	1	2000
206	9	1	3	6	0	2000	201	2304	NoChange	0	0	0	
206	9	2	2	6	1	2000	211	1608	49	3	6	0	2000
206	9	3	3	6	1	2000	202	1507	49	2	6	1	2000
206	9	4	1	6	0	2000	201	6523	NoChange	3	6	1	2000
206	9	5	4	6	1	2000	202	1412	49	1	6	0	2000
206	9	6	1	6	1	2000	202	3759	1474	4	6	1	2000
206	9	7	4	2	1	2000	202	1717	50	1	6	1	2000
206	9	8	3	4	0	2000	201	2860	NoChange	4	2	1	2000
206	9	9	2	4	1	2000	202	4630	50	3	4	0	2000
206	9	10	1	4	0	2000	212	4858	NoChange	2	4	1	2000
206	9	11	1	4	1	2000	202	1532	1491	1	4	0	2000
206	9	12	1	6	0	2000	201	2067	NoChange	1	4	1	2000
206	9	13	3	2	0	2000	201	1908	NoChange	1	6	0	2000
206	9	14	2	6	0	2000	201	6715	NoChange	3	2	0	2000
206	9	15	3	4	1	2000	211	2444	50	2	6	0	2000
206	9	16	3	6	0	2000	201	5927	NoChange	3	4	1	2000
206	9	17	4	4	1	2000	202	2191	51	3	6	0	2000
206	9	18	4	4	0	2000	201	1835	NoChange	4	4	1	2000
206	9	19	1	2	0	2000	201	3406	NoChange	4	4	0	2000
206	9	20	4	2	0	2000	201	2410	NoChange	1	2	0	2000
206	9	21	1	2	1	2000	202	1750	1528	4	2	0	2000
206	9	22	2	4	1	2000	202	1619	51	1	2	1	2000
206	9	23	2	2	0	2000	201	3926	NoChange	2	4	1	2000
206	9	24	2	2	1	2000	202	3918	52	2	2	0	2000
206	9	25	1	6	1	2000	202	2462	1541	2	2	1	2000
206	9	26	1	4	1	2000	202	1519	1546	1	6	1	2000
206	9	27	2	6	0	2000	212	1494	NoChange	1	4	1	2000
206	9	28	2	2	1	2000	202	1654	53	2	6	0	2000
206	9	29	3	4	1	2000	211	1312	51	2	2	1	2000
206	9	30	3	4	0	2000	212	1583	NoChange	3	4	1	2000
206	9	31	4	4	0	2000	201	1723	NoChange	3	4	0	2000
206	9	32	4	2	0	2000	201	1770	NoChange	4	4	0	2000
206	9	33	3	2	1	2000	211	2199	52	4	2	0	2000
206	9	34	4	6	1	2000	202	1851	52	3	2	1	2000
206	9	35	3	6	1	2000	211	3036	53	4	6	1	2000
206	9	36	3	2	0	2000	201	2759	NoChange	3	6	1	2000
206	9	37	1	4	0	2000	201	1629	NoChange	3	2	0	2000
206	9	38	4	6	0	2000	201	1608	NoChange	1	4	0	2000
206	9	39	2	2	0	2000	201	2787	NoChange	4	6	0	2000
206	9	40	1	2	0	2000	201	2704	NoChange	2	2	0	2000
206	9	41	4	2	1	2000	202	1472	53	1	2	0	2000
206	9	42	2	6	1	2000	202	1489	54	4	2	1	2000
206	9	43	4	4	1	2000	202	2393	54	2	6	1	2000
206	9	44	3	2	1	2000	202	1357	54	4	4	1	2000
206	9	45	4	6	0	2000	201	2763	NoChange	3	2	1	2000
206	9	46	1	2	1	2000	202	1993	1612	4	6	0	2000
206	9	47	2	4	0	2000	212	1181	NoChange	1	2	1	2000
206	9	48	2	4	0	2000	212	1218	NoChange	2	4	0	2000
206	10	1	3	6	1	2000	202	2463	55	0	0	0	
206	10	2	3	2	1	2000	202	1224	56	3	6	1	2000
206	10	3	1	6	0	2000	212	1355	NoChange	3	2	1	2000
206	10	4	2	2	1	2000	202	992	55	1	6	0	2000
206	10	5	1	6	1	2000	202	1004	1640	2	2	1	2000
206	10	6	3	6	0	2000	212	1048	NoChange	1	6	1	2000
206	10	7	4	2	0	2000	201	2762	NoChange	3	6	0	2000
206	10	8	3	4	0	2000	201	1384	NoChange	4	2	0	2000
206	10	9	3	2	1	2000	202	1924	57	3	4	0	2000
206	10	10	3	2	0	2000	201	1019	NoChange	3	2	1	2000
206	10	11	3	4	1	2000	202	1613	58	3	2	0	2000
206	10	12	4	6	1	2000	202	1249	55	3	4	1	2000
206	10	13	4	6	0	2000	201	1258	NoChange	4	6	1	2000
206	10	14	2	6	0	2000	212	1467	NoChange	4	6	0	2000
206	10	15	1	4	0	2000	212	1132	NoChange	2	6	0	2000
206	10	16	1	4	0	2000	201	1546	NoChange	1	4	0	2000
206	10	17	3	6	1	2000	202	1720	59	1	4	0	2000
206	10	18	4	4	1	2000	211	1551	56	3	6	1	2000
206	10	19	4	2	1	2000	202	1205	57	4	4	1	2000
206	10	20	3	4	1	2000	202	1240	60	4	2	1	2000
206	10	21	2	2	1	2000	202	1186	56	3	4	1	2000
206	10	22	2	4	1	2000	211	1390	57	2	2	1	2000
206	10	23	1	4	1	2000	202	1642	1704	2	4	1	2000
206	10	24	1	2	1	2000	202	996	1707	1	4	1	2000
206	10	25	4	2	1	2000	202	960	58	1	2	1	2000
206	10	26	2	2	0	2000	201	1614	NoChange	4	2	1	2000
206	10	27	2	4	0	2000	201	1433	NoChange	2	2	0	2000
206	10	28	2	4	0	2000	212	4643	NoChange	2	4	0	2000
206	10	29	4	6	0	2000	201	1503	NoChange	2	4	0	2000
206	10	30	3	2	0	2000	201	1550	NoChange	4	6	0	2000
206	10	31	2	2	0	2000	201	1292	NoChange	3	2	0	2000
206	10	32	3	4	0	2000	201	2380	NoChange	2	2	0	2000
206	10	33	3	6	0	2000	201	2793	NoChange	3	4	0	2000
206	10	34	1	2	0	2000	201	1205	NoChange	3	6	0	2000
206	10	35	1	6	0	2000	201	2689	NoChange	1	2	0	2000
206	10	36	2	4	1	2000	202	1257	58	1	6	0	2000
206	10	37	4	4	0	2000	201	1451	NoChange	2	4	1	2000
206	10	38	1	4	1	2000	202	1812	1758	4	4	0	2000
206	10	39	1	6	1	2000	202	1472	1765	1	4	1	2000
206	10	40	4	2	0	2000	201	1281	NoChange	1	6	1	2000
206	10	41	1	2	1	2000	202	1449	1770	4	2	0	2000
206	10	42	2	6	1	2000	202	1763	59	1	2	1	2000
206	10	43	2	6	0	2000	201	1544	NoChange	2	6	1	2000
206	10	44	4	6	1	2000	202	1206	59	2	6	0	2000
206	10	45	1	2	0	2000	201	1218	NoChange	4	6	1	2000
206	10	46	2	6	1	2000	211	1700	60	1	2	0	2000
206	10	47	4	4	1	2000	202	1580	60	2	6	1	2000
206	10	48	4	4	0	2000	201	1473	NoChange	4	4	1	2000
206	11	1	2	2	1	2000	202	928	61	0	0	0	
206	11	2	2	4	0	2000	201	1046	NoChange	2	2	1	2000
206	11	3	2	2	1	2000	202	1248	62	2	4	0	2000
206	11	4	2	6	0	2000	201	1249	NoChange	2	2	1	2000
206	11	5	3	2	0	2000	201	851	NoChange	2	6	0	2000
206	11	6	2	2	0	2000	201	924	NoChange	3	2	0	2000
206	11	7	4	4	0	2000	201	1627	NoChange	2	2	0	2000
206	11	8	1	2	0	2000	201	1021	NoChange	4	4	0	2000
206	11	9	4	2	0	2000	201	1168	NoChange	1	2	0	2000
206	11	10	1	6	0	2000	201	1453	NoChange	4	2	0	2000
206	11	11	3	6	1	2000	202	2470	61	1	6	0	2000
206	11	12	4	6	0	2000	212	1607	NoChange	3	6	1	2000
206	11	13	3	2	1	2000	202	1523	62	4	6	0	2000
206	11	14	2	4	1	2000	202	1114	63	3	2	1	2000
206	11	15	4	2	0	2000	201	961	NoChange	2	4	1	2000
206	11	16	1	4	0	2000	201	1150	NoChange	4	2	0	2000
206	11	17	3	6	0	2000	212	1172	NoChange	1	4	0	2000
206	11	18	3	4	1	2000	202	1344	63	3	6	0	2000
206	11	19	3	4	1	2000	202	2158	64	3	4	1	2000
206	11	20	2	4	0	2000	201	1228	NoChange	3	4	1	2000
206	11	21	4	4	1	2000	202	1071	61	2	4	0	2000
206	11	22	3	2	0	2000	201	1199	NoChange	4	4	1	2000
206	11	23	4	6	0	2000	212	1035	NoChange	3	2	0	2000
206	11	24	2	6	1	2000	211	1277	64	4	6	0	2000
206	11	25	4	6	1	2000	202	1029	62	2	6	1	2000
206	11	26	3	6	0	2000	201	1048	NoChange	4	6	1	2000
206	11	27	3	6	1	2000	202	922	65	3	6	0	2000
206	11	28	2	6	1	2000	202	1041	65	3	6	1	2000
206	11	29	1	2	0	2000	201	970	NoChange	2	6	1	2000
206	11	30	4	4	1	2000	202	1423	63	1	2	0	2000
206	11	31	2	2	0	2000	212	1714	NoChange	4	4	1	2000
206	11	32	3	4	0	2000	201	3097	NoChange	2	2	0	2000
206	11	33	2	6	0	2000	201	905	NoChange	3	4	0	2000
206	11	34	2	4	1	2000	211	1681	66	2	6	0	2000
206	11	35	3	4	0	2000	201	962	NoChange	2	4	1	2000
206	11	36	3	2	1	2000	202	983	66	3	4	0	2000
206	11	37	4	6	1	2000	202	923	64	3	2	1	2000
206	11	38	1	4	1	2000	202	1721	1939	4	6	1	2000
206	11	39	1	6	0	2000	212	1440	NoChange	1	4	1	2000
206	11	40	4	4	0	2000	201	1266	NoChange	1	6	0	2000
206	11	41	1	6	1	2000	202	1227	1956	4	4	0	2000
206	11	42	4	2	1	2000	202	5142	65	1	6	1	2000
206	11	43	1	2	1	2000	202	2301	1960	4	2	1	2000
206	11	44	1	4	1	2000	202	1077	1965	1	2	1	2000
206	11	45	1	6	1	2000	202	1262	1972	1	4	1	2000
206	11	46	1	2	1	2000	202	1159	1975	1	6	1	2000
206	11	47	4	2	1	2000	202	1188	66	1	2	1	2000
206	11	48	1	4	0	2000	201	1792	NoChange	4	2	1	2000
206	12	1	4	6	1	2000	202	1314	67	0	0	0	
206	12	2	4	2	0	2000	201	1018	NoChange	4	6	1	2000
206	12	3	4	4	1	2000	211	1501	68	4	2	0	2000
206	12	4	4	2	1	2000	202	1196	69	4	4	1	2000
206	12	5	3	4	0	2000	212	1424	NoChange	4	2	1	2000
206	12	6	3	4	1	2000	202	1075	67	3	4	0	2000
206	12	7	2	6	0	2000	201	939	NoChange	3	4	1	2000
206	12	8	1	2	1	2000	202	1721	2007	2	6	0	2000
206	12	9	1	2	1	2000	202	1368	2010	1	2	1	2000
206	12	10	1	4	1	2000	202	917	2015	1	2	1	2000
206	12	11	2	6	1	2000	202	1259	67	1	4	1	2000
206	12	12	2	4	1	2000	211	1293	68	2	6	1	2000
206	12	13	3	4	1	2000	202	1397	68	2	4	1	2000
206	12	14	4	2	1	2000	202	1313	70	3	4	1	2000
206	12	15	2	4	1	2000	211	1880	69	4	2	1	2000
206	12	16	1	4	1	2000	202	2377	2035	2	4	1	2000
206	12	17	1	4	0	2000	201	1278	NoChange	1	4	1	2000
206	12	18	3	6	1	2000	202	1463	69	1	4	0	2000
206	12	19	4	4	0	2000	201	1257	NoChange	3	6	1	2000
206	12	20	4	6	0	2000	212	1914	NoChange	4	4	0	2000
206	12	21	1	2	0	2000	201	1074	NoChange	4	6	0	2000
206	12	22	2	6	1	2000	211	1722	70	1	2	0	2000
206	12	23	1	2	0	2000	201	897	NoChange	2	6	1	2000
206	12	24	1	6	0	2000	212	1769	NoChange	1	2	0	2000
206	12	25	3	6	0	2000	212	1062	NoChange	1	6	0	2000
206	12	26	3	2	1	2000	211	3135	70	3	6	0	2000
206	12	27	2	4	0	2000	212	1126	NoChange	3	2	1	2000
206	12	28	4	6	1	2000	202	1389	71	2	4	0	2000
206	12	29	2	2	0	2000	201	937	NoChange	4	6	1	2000
206	12	30	3	2	1	2000	202	1127	71	2	2	0	2000
206	12	31	2	2	1	2000	202	885	71	3	2	1	2000
206	12	32	4	4	0	2000	201	1469	NoChange	2	2	1	2000
206	12	33	1	6	1	2000	202	934	2100	4	4	0	2000
206	12	34	3	2	0	2000	201	1180	NoChange	1	6	1	2000
206	12	35	3	6	1	2000	211	1401	72	3	2	0	2000
206	12	36	2	2	0	2000	212	1500	NoChange	3	6	1	2000
206	12	37	4	6	0	2000	212	1011	NoChange	2	2	0	2000
206	12	38	3	4	0	2000	201	983	NoChange	4	6	0	2000
206	12	39	4	2	0	2000	201	923	NoChange	3	4	0	2000
206	12	40	2	2	1	2000	202	1201	72	4	2	0	2000
206	12	41	2	4	0	2000	201	2317	NoChange	2	2	1	2000
206	12	42	1	6	0	2000	212	988	NoChange	2	4	0	2000
206	12	43	2	6	0	2000	212	799	NoChange	1	6	0	2000
206	12	44	1	4	0	2000	212	1115	NoChange	2	6	0	2000
206	12	45	3	2	0	2000	201	881	NoChange	1	4	0	2000
206	12	46	4	4	1	2000	202	786	72	3	2	0	2000
206	12	47	1	6	1	2000	202	838	2154	4	4	1	2000
206	12	48	3	6	0	2000	201	1232	NoChange	1	6	1	2000
