#subject	block	trial	condition	setsize	change	time	responses	time	Pic	prev_condition	prev_setsize	prev_change	prev_time
219	1	1	4	2	0	2000	201	1458	NoChange	0	0	0	
219	1	2	3	2	0	2000	201	1404	NoChange	4	2	0	2000
219	1	3	2	6	1	2000	211	1039	1	3	2	0	2000
219	1	4	3	6	0	2000	201	1809	NoChange	2	6	1	2000
219	1	5	3	2	1	2000	202	1765	1	3	6	0	2000
219	1	6	4	6	0	2000	201	1570	NoChange	3	2	1	2000
219	1	7	2	2	0	2000	201	831	NoChange	4	6	0	2000
219	1	8	2	2	1	2000	202	1521	2	2	2	0	2000
219	1	9	1	6	0	2000	201	1544	NoChange	2	2	1	2000
219	1	10	2	2	0	2000	201	1142	NoChange	1	6	0	2000
219	1	11	3	6	0	2000	201	1444	NoChange	2	2	0	2000
219	1	12	1	6	0	2000	201	3598	NoChange	3	6	0	2000
219	1	13	3	2	1	2000	202	1283	2	1	6	0	2000
219	1	14	1	6	1	2000	211	1386	53	3	2	1	2000
219	1	15	1	2	0	2000	201	783	NoChange	1	6	1	2000
219	1	16	4	2	0	2000	201	858	NoChange	1	2	0	2000
219	1	17	1	2	1	2000	202	868	60	4	2	0	2000
219	1	18	2	4	1	2000	211	1540	3	1	2	1	2000
219	1	19	4	4	0	2000	201	970	NoChange	2	4	1	2000
219	1	20	2	2	1	2000	202	1135	4	4	4	0	2000
219	1	21	1	4	1	2000	202	933	73	2	2	1	2000
219	1	22	3	4	0	2000	212	1603	NoChange	1	4	1	2000
219	1	23	4	6	1	2000	211	2030	1	3	4	0	2000
219	1	24	1	4	0	2000	201	1001	NoChange	4	6	1	2000
219	1	25	2	6	0	2000	201	1309	NoChange	1	4	0	2000
219	1	26	4	4	1	2000	211	1076	2	2	6	0	2000
219	1	27	3	4	1	2000	202	1437	3	4	4	1	2000
219	1	28	4	6	1	2000	211	2119	3	3	4	1	2000
219	1	29	3	4	1	2000	211	1630	4	4	6	1	2000
219	1	30	1	2	1	2000	202	865	109	3	4	1	2000
219	1	31	2	4	0	2000	201	1106	NoChange	1	2	1	2000
219	1	32	2	4	1	2000	202	977	5	2	4	0	2000
219	1	33	3	4	0	2000	201	918	NoChange	2	4	1	2000
219	1	34	1	4	1	2000	211	1716	125	3	4	0	2000
219	1	35	4	6	0	2000	212	1715	NoChange	1	4	1	2000
219	1	36	4	2	1	2000	202	1138	4	4	6	0	2000
219	1	37	4	2	1	2000	202	1424	5	4	2	1	2000
219	1	38	1	2	0	2000	201	819	NoChange	4	2	1	2000
219	1	39	2	6	0	2000	201	2797	NoChange	1	2	0	2000
219	1	40	1	6	1	2000	202	1193	148	2	6	0	2000
219	1	41	2	4	0	2000	201	1029	NoChange	1	6	1	2000
219	1	42	4	4	0	2000	201	864	NoChange	2	4	0	2000
219	1	43	1	4	0	2000	201	1065	NoChange	4	4	0	2000
219	1	44	3	2	0	2000	201	842	NoChange	1	4	0	2000
219	1	45	3	6	1	2000	211	996	5	3	2	0	2000
219	1	46	4	4	1	2000	211	1504	6	3	6	1	2000
219	1	47	3	6	1	2000	211	1127	6	4	4	1	2000
219	1	48	2	6	1	2000	211	1230	6	3	6	1	2000
219	2	1	3	4	0	2000	201	1618	NoChange	0	0	0	
219	2	2	4	6	0	2000	201	933	NoChange	3	4	0	2000
219	2	3	3	6	0	2000	201	762	NoChange	4	6	0	2000
219	2	4	3	4	0	2000	201	904	NoChange	3	6	0	2000
219	2	5	3	2	0	2000	201	1007	NoChange	3	4	0	2000
219	2	6	2	2	1	2000	202	1122	7	3	2	0	2000
219	2	7	4	4	0	2000	201	761	NoChange	2	2	1	2000
219	2	8	3	4	1	2000	211	1422	7	4	4	0	2000
219	2	9	2	6	1	2000	202	3193	8	3	4	1	2000
219	2	10	1	4	1	2000	202	902	220	2	6	1	2000
219	2	11	4	6	0	2000	201	1093	NoChange	1	4	1	2000
219	2	12	3	4	1	2000	211	1141	8	4	6	0	2000
219	2	13	2	6	0	2000	201	923	NoChange	3	4	1	2000
219	2	14	2	2	0	2000	201	841	NoChange	2	6	0	2000
219	2	15	3	6	1	2000	202	1171	9	2	2	0	2000
219	2	16	1	4	0	2000	201	840	NoChange	3	6	1	2000
219	2	17	1	2	1	2000	202	810	249	1	4	0	2000
219	2	18	1	4	1	2000	202	1581	254	1	2	1	2000
219	2	19	4	4	1	2000	202	914	7	1	4	1	2000
219	2	20	1	6	0	2000	201	1065	NoChange	4	4	1	2000
219	2	21	2	6	1	2000	202	2930	9	1	6	0	2000
219	2	22	2	4	1	2000	202	921	10	2	6	1	2000
219	2	23	3	6	1	2000	211	1231	10	2	4	1	2000
219	2	24	1	2	0	2000	201	1465	NoChange	3	6	1	2000
219	2	25	4	6	1	2000	202	3386	8	1	2	0	2000
219	2	26	2	4	0	2000	201	1183	NoChange	4	6	1	2000
219	2	27	2	2	1	2000	202	2795	11	2	4	0	2000
219	2	28	3	2	1	2000	202	1712	11	2	2	1	2000
219	2	29	4	4	0	2000	201	1447	NoChange	3	2	1	2000
219	2	30	2	6	0	2000	201	1169	NoChange	4	4	0	2000
219	2	31	4	2	1	2000	202	1174	9	2	6	0	2000
219	2	32	1	6	1	2000	202	947	307	4	2	1	2000
219	2	33	4	6	1	2000	211	881	10	1	6	1	2000
219	2	34	4	2	0	2000	201	753	NoChange	4	6	1	2000
219	2	35	4	2	1	2000	202	822	11	4	2	0	2000
219	2	36	2	4	1	2000	202	1169	12	4	2	1	2000
219	2	37	1	6	0	2000	201	1078	NoChange	2	4	1	2000
219	2	38	3	2	0	2000	201	1382	NoChange	1	6	0	2000
219	2	39	3	6	0	2000	201	1666	NoChange	3	2	0	2000
219	2	40	1	4	0	2000	201	1187	NoChange	3	6	0	2000
219	2	41	4	4	1	2000	202	951	12	1	4	0	2000
219	2	42	3	2	1	2000	202	1964	12	4	4	1	2000
219	2	43	1	2	0	2000	201	713	NoChange	3	2	1	2000
219	2	44	4	2	0	2000	201	897	NoChange	1	2	0	2000
219	2	45	1	6	1	2000	202	984	351	4	2	0	2000
219	2	46	2	2	0	2000	201	1156	NoChange	1	6	1	2000
219	2	47	2	4	0	2000	201	1594	NoChange	2	2	0	2000
219	2	48	1	2	1	2000	202	934	360	2	4	0	2000
219	3	1	3	6	1	2000	202	2935	13	0	0	0	
219	3	2	3	4	1	2000	202	1141	14	3	6	1	2000
219	3	3	1	6	0	2000	201	1483	NoChange	3	4	1	2000
219	3	4	3	2	0	2000	201	1219	NoChange	1	6	0	2000
219	3	5	1	2	1	2000	202	1022	379	3	2	0	2000
219	3	6	4	6	1	2000	202	1097	13	1	2	1	2000
219	3	7	1	4	0	2000	201	953	NoChange	4	6	1	2000
219	3	8	3	4	1	2000	202	1518	15	1	4	0	2000
219	3	9	4	6	1	2000	202	1213	14	3	4	1	2000
219	3	10	1	2	0	2000	201	1256	NoChange	4	6	1	2000
219	3	11	3	2	1	2000	202	1281	16	1	2	0	2000
219	3	12	3	6	0	2000	201	2353	NoChange	3	2	1	2000
219	3	13	2	6	1	2000	211	1207	13	3	6	0	2000
219	3	14	2	6	0	2000	201	1194	NoChange	2	6	1	2000
219	3	15	3	6	0	2000	201	1678	NoChange	2	6	0	2000
219	3	16	4	4	0	2000	201	1063	NoChange	3	6	0	2000
219	3	17	1	4	1	2000	202	1097	431	4	4	0	2000
219	3	18	1	6	1	2000	202	1185	438	1	4	1	2000
219	3	19	3	4	0	2000	201	1133	NoChange	1	6	1	2000
219	3	20	4	6	0	2000	201	979	NoChange	3	4	0	2000
219	3	21	2	2	1	2000	202	719	14	4	6	0	2000
219	3	22	4	6	0	2000	201	870	NoChange	2	2	1	2000
219	3	23	4	2	1	2000	202	1006	15	4	6	0	2000
219	3	24	2	2	0	2000	201	5746	NoChange	4	2	1	2000
219	3	25	2	6	1	2000	202	1985	15	2	2	0	2000
219	3	26	4	2	1	2000	202	822	16	2	6	1	2000
219	3	27	1	6	1	2000	202	960	471	4	2	1	2000
219	3	28	2	4	1	2000	202	1005	16	1	6	1	2000
219	3	29	4	4	1	2000	202	905	17	2	4	1	2000
219	3	30	1	2	0	2000	201	1064	NoChange	4	4	1	2000
219	3	31	2	2	0	2000	201	969	NoChange	1	2	0	2000
219	3	32	3	4	0	2000	201	2054	NoChange	2	2	0	2000
219	3	33	2	4	0	2000	201	1335	NoChange	3	4	0	2000
219	3	34	3	6	1	2000	211	1518	17	2	4	0	2000
219	3	35	1	4	1	2000	202	1004	499	3	6	1	2000
219	3	36	1	2	1	2000	202	880	502	1	4	1	2000
219	3	37	4	2	0	2000	201	856	NoChange	1	2	1	2000
219	3	38	3	2	1	2000	211	945	18	4	2	0	2000
219	3	39	4	2	0	2000	201	1279	NoChange	3	2	1	2000
219	3	40	2	4	1	2000	211	1200	17	4	2	0	2000
219	3	41	2	6	0	2000	201	963	NoChange	2	4	1	2000
219	3	42	1	4	0	2000	201	1201	NoChange	2	6	0	2000
219	3	43	4	4	0	2000	201	1108	NoChange	1	4	0	2000
219	3	44	2	2	1	2000	202	1315	18	4	4	0	2000
219	3	45	4	4	1	2000	202	1066	18	2	2	1	2000
219	3	46	1	6	0	2000	201	1195	NoChange	4	4	1	2000
219	3	47	2	4	0	2000	201	1063	NoChange	1	6	0	2000
219	3	48	3	2	0	2000	201	984	NoChange	2	4	0	2000
219	4	1	4	6	1	2000	211	1010	19	0	0	0	
219	4	2	3	2	0	2000	201	813	NoChange	4	6	1	2000
219	4	3	3	4	1	2000	211	585	19	3	2	0	2000
219	4	4	3	4	0	2000	201	1228	NoChange	3	4	1	2000
219	4	5	3	2	0	2000	201	1079	NoChange	3	4	0	2000
219	4	6	4	6	0	2000	201	960	NoChange	3	2	0	2000
219	4	7	4	4	1	2000	202	1397	20	4	6	0	2000
219	4	8	1	6	1	2000	202	1265	572	4	4	1	2000
219	4	9	2	6	1	2000	202	1106	19	1	6	1	2000
219	4	10	2	4	0	2000	201	2161	NoChange	2	6	1	2000
219	4	11	2	2	0	2000	201	1263	NoChange	2	4	0	2000
219	4	12	1	4	0	2000	201	944	NoChange	2	2	0	2000
219	4	13	3	6	0	2000	201	934	NoChange	1	4	0	2000
219	4	14	4	4	0	2000	201	1020	NoChange	3	6	0	2000
219	4	15	1	6	0	2000	201	1103	NoChange	4	4	0	2000
219	4	16	3	6	0	2000	201	1198	NoChange	1	6	0	2000
219	4	17	4	2	1	2000	202	1370	21	3	6	0	2000
219	4	18	2	4	1	2000	202	1503	20	4	2	1	2000
219	4	19	2	2	0	2000	201	1318	NoChange	2	4	1	2000
219	4	20	1	4	0	2000	212	1453	NoChange	2	2	0	2000
219	4	21	4	6	1	2000	202	1102	22	1	4	0	2000
219	4	22	3	6	1	2000	211	1542	20	4	6	1	2000
219	4	23	3	6	1	2000	211	1196	21	3	6	1	2000
219	4	24	4	4	1	2000	202	808	23	3	6	1	2000
219	4	25	1	4	1	2000	202	899	642	4	4	1	2000
219	4	26	3	2	1	2000	202	1154	22	1	4	1	2000
219	4	27	2	6	0	2000	201	1072	NoChange	3	2	1	2000
219	4	28	1	2	0	2000	201	816	NoChange	2	6	0	2000
219	4	29	4	6	0	2000	201	2259	NoChange	1	2	0	2000
219	4	30	2	6	1	2000	211	2036	21	4	6	0	2000
219	4	31	1	2	1	2000	202	959	665	2	6	1	2000
219	4	32	2	2	1	2000	202	1116	22	1	2	1	2000
219	4	33	4	2	0	2000	201	1083	NoChange	2	2	1	2000
219	4	34	3	4	0	2000	201	1051	NoChange	4	2	0	2000
219	4	35	1	6	1	2000	211	1908	679	3	4	0	2000
219	4	36	4	2	1	2000	202	963	24	1	6	1	2000
219	4	37	1	4	1	2000	202	1009	685	4	2	1	2000
219	4	38	1	6	0	2000	212	2700	NoChange	1	4	1	2000
219	4	39	2	4	0	2000	201	1188	NoChange	1	6	0	2000
219	4	40	3	2	1	2000	211	1464	23	2	4	0	2000
219	4	41	4	4	0	2000	201	2017	NoChange	3	2	1	2000
219	4	42	2	2	1	2000	202	1524	23	4	4	0	2000
219	4	43	4	2	0	2000	201	1211	NoChange	2	2	1	2000
219	4	44	2	6	0	2000	201	1807	NoChange	4	2	0	2000
219	4	45	1	2	1	2000	202	970	712	2	6	0	2000
219	4	46	3	4	1	2000	211	1303	24	1	2	1	2000
219	4	47	1	2	0	2000	201	1310	NoChange	3	4	1	2000
219	4	48	2	4	1	2000	202	1029	24	1	2	0	2000
219	5	1	3	4	1	2000	211	2230	25	0	0	0	
219	5	2	2	2	1	2000	202	1209	25	3	4	1	2000
219	5	3	2	4	1	2000	202	1076	26	2	2	1	2000
219	5	4	1	4	1	2000	202	1053	732	2	4	1	2000
219	5	5	3	6	0	2000	201	1286	NoChange	1	4	1	2000
219	5	6	4	4	1	2000	211	1886	25	3	6	0	2000
219	5	7	4	4	0	2000	201	1030	NoChange	4	4	1	2000
219	5	8	3	6	1	2000	211	825	26	4	4	0	2000
219	5	9	2	4	0	2000	201	1051	NoChange	3	6	1	2000
219	5	10	4	2	0	2000	201	2149	NoChange	2	4	0	2000
219	5	11	1	4	0	2000	201	1330	NoChange	4	2	0	2000
219	5	12	4	2	1	2000	202	1233	26	1	4	0	2000
219	5	13	1	2	1	2000	202	1163	764	4	2	1	2000
219	5	14	3	2	0	2000	201	1208	NoChange	1	2	1	2000
219	5	15	2	4	0	2000	201	916	NoChange	3	2	0	2000
219	5	16	2	6	1	2000	211	2130	27	2	4	0	2000
219	5	17	2	6	1	2000	202	1337	28	2	6	1	2000
219	5	18	3	6	1	2000	202	1319	27	2	6	1	2000
219	5	19	1	6	0	2000	201	1094	NoChange	3	6	1	2000
219	5	20	2	6	0	2000	201	1062	NoChange	1	6	0	2000
219	5	21	1	4	0	2000	201	815	NoChange	2	6	0	2000
219	5	22	4	4	0	2000	201	810	NoChange	1	4	0	2000
219	5	23	3	4	1	2000	211	3101	28	4	4	0	2000
219	5	24	2	2	0	2000	201	789	NoChange	3	4	1	2000
219	5	25	1	4	1	2000	202	1297	815	2	2	0	2000
219	5	26	3	2	1	2000	211	2105	29	1	4	1	2000
219	5	27	1	2	1	2000	202	985	819	3	2	1	2000
219	5	28	4	2	0	2000	201	6597	NoChange	1	2	1	2000
219	5	29	4	2	1	2000	202	1066	27	4	2	0	2000
219	5	30	1	6	1	2000	202	1051	829	4	2	1	2000
219	5	31	1	6	1	2000	211	2380	836	1	6	1	2000
219	5	32	3	2	0	2000	201	1273	NoChange	1	6	1	2000
219	5	33	4	6	0	2000	201	1634	NoChange	3	2	0	2000
219	5	34	2	2	0	2000	201	1852	NoChange	4	6	0	2000
219	5	35	3	6	0	2000	201	1038	NoChange	2	2	0	2000
219	5	36	3	4	0	2000	201	1304	NoChange	3	6	0	2000
219	5	37	2	6	0	2000	201	887	NoChange	3	4	0	2000
219	5	38	4	4	1	2000	202	1055	28	2	6	0	2000
219	5	39	3	4	0	2000	201	1040	NoChange	4	4	1	2000
219	5	40	2	4	1	2000	202	1218	29	3	4	0	2000
219	5	41	1	2	0	2000	201	1157	NoChange	2	4	1	2000
219	5	42	3	2	1	2000	211	1570	30	1	2	0	2000
219	5	43	4	6	1	2000	202	1239	29	3	2	1	2000
219	5	44	2	2	1	2000	202	793	30	4	6	1	2000
219	5	45	1	6	0	2000	201	2677	NoChange	2	2	1	2000
219	5	46	4	6	1	2000	211	2390	30	1	6	0	2000
219	5	47	4	6	0	2000	201	955	NoChange	4	6	1	2000
219	5	48	1	2	0	2000	201	1640	NoChange	4	6	0	2000
219	6	1	3	4	0	2000	201	978	NoChange	0	0	0	
219	6	2	3	6	1	2000	202	951	31	3	4	0	2000
219	6	3	1	2	1	2000	202	1060	912	3	6	1	2000
219	6	4	3	2	0	2000	201	1198	NoChange	1	2	1	2000
219	6	5	2	4	1	2000	211	3482	31	3	2	0	2000
219	6	6	2	2	0	2000	201	890	NoChange	2	4	1	2000
219	6	7	4	2	1	2000	202	890	31	2	2	0	2000
219	6	8	4	2	0	2000	201	994	NoChange	4	2	1	2000
219	6	9	3	4	1	2000	211	3014	32	4	2	0	2000
219	6	10	2	2	1	2000	202	889	32	3	4	1	2000
219	6	11	4	2	0	2000	201	1001	NoChange	2	2	1	2000
219	6	12	1	6	1	2000	202	1205	935	4	2	0	2000
219	6	13	2	4	0	2000	201	7760	NoChange	1	6	1	2000
219	6	14	4	4	0	2000	201	1584	NoChange	2	4	0	2000
219	6	15	1	4	1	2000	202	1604	948	4	4	0	2000
219	6	16	2	6	1	2000	202	880	33	1	4	1	2000
219	6	17	3	2	1	2000	202	1128	33	2	6	1	2000
219	6	18	4	4	1	2000	202	1119	32	3	2	1	2000
219	6	19	1	4	0	2000	201	1045	NoChange	4	4	1	2000
219	6	20	1	2	1	2000	202	919	964	1	4	0	2000
219	6	21	2	6	0	2000	212	974	NoChange	1	2	1	2000
219	6	22	4	2	1	2000	202	979	33	2	6	0	2000
219	6	23	1	6	0	2000	201	1095	NoChange	4	2	1	2000
219	6	24	2	4	0	2000	201	1983	NoChange	1	6	0	2000
219	6	25	3	4	1	2000	211	915	34	2	4	0	2000
219	6	26	3	4	0	2000	201	1426	NoChange	3	4	1	2000
219	6	27	1	2	0	2000	201	4445	NoChange	3	4	0	2000
219	6	28	2	2	0	2000	201	856	NoChange	1	2	0	2000
219	6	29	4	6	0	2000	212	1745	NoChange	2	2	0	2000
219	6	30	4	4	0	2000	201	1135	NoChange	4	6	0	2000
219	6	31	1	6	1	2000	202	1157	1009	4	4	0	2000
219	6	32	3	2	1	2000	202	1011	35	1	6	1	2000
219	6	33	1	2	0	2000	201	934	NoChange	3	2	1	2000
219	6	34	4	6	1	2000	202	1556	34	1	2	0	2000
219	6	35	3	6	0	2000	201	1393	NoChange	4	6	1	2000
219	6	36	2	6	1	2000	211	1078	34	3	6	0	2000
219	6	37	4	4	1	2000	211	6758	35	2	6	1	2000
219	6	38	3	6	1	2000	202	1422	36	4	4	1	2000
219	6	39	4	6	1	2000	202	976	36	3	6	1	2000
219	6	40	3	2	0	2000	201	901	NoChange	4	6	1	2000
219	6	41	3	6	0	2000	212	972	NoChange	3	2	0	2000
219	6	42	4	6	0	2000	201	1377	NoChange	3	6	0	2000
219	6	43	2	2	1	2000	202	1262	35	4	6	0	2000
219	6	44	1	4	1	2000	202	847	1061	2	2	1	2000
219	6	45	1	6	0	2000	212	1105	NoChange	1	4	1	2000
219	6	46	1	4	0	2000	201	19296	NoChange	1	6	0	2000
219	6	47	2	6	0	2000	201	1231	NoChange	1	4	0	2000
219	6	48	2	4	1	2000	202	1369	36	2	6	0	2000
219	7	1	4	2	1	2000	202	1799	37	0	0	0	
219	7	2	1	2	0	2000	201	675	NoChange	4	2	1	2000
219	7	3	4	4	0	2000	201	1388	NoChange	1	2	0	2000
219	7	4	4	4	1	2000	202	2736	38	4	4	0	2000
219	7	5	1	2	1	2000	202	1030	1093	4	4	1	2000
219	7	6	3	6	1	2000	202	1257	37	1	2	1	2000
219	7	7	2	2	1	2000	211	2538	37	3	6	1	2000
219	7	8	1	6	0	2000	201	1393	NoChange	2	2	1	2000
219	7	9	4	2	1	2000	202	845	39	1	6	0	2000
219	7	10	4	6	1	2000	211	1031	40	4	2	1	2000
219	7	11	4	6	0	2000	201	985	NoChange	4	6	1	2000
219	7	12	3	2	0	2000	201	757	NoChange	4	6	0	2000
219	7	13	3	4	0	2000	201	1546	NoChange	3	2	0	2000
219	7	14	2	4	0	2000	201	1793	NoChange	3	4	0	2000
219	7	15	2	4	1	2000	202	1253	38	2	4	0	2000
219	7	16	1	6	1	2000	202	974	1137	2	4	1	2000
219	7	17	3	2	0	2000	201	843	NoChange	1	6	1	2000
219	7	18	3	4	1	2000	211	1933	38	3	2	0	2000
219	7	19	2	4	0	2000	201	891	NoChange	3	4	1	2000
219	7	20	4	6	0	2000	201	1027	NoChange	2	4	0	2000
219	7	21	2	4	1	2000	211	2173	39	4	6	0	2000
219	7	22	2	6	0	2000	201	1026	NoChange	2	4	1	2000
219	7	23	2	2	1	2000	202	1045	40	2	6	0	2000
219	7	24	4	2	0	2000	201	1439	NoChange	2	2	1	2000
219	7	25	1	4	1	2000	202	1185	1169	4	2	0	2000
219	7	26	2	2	0	2000	201	805	NoChange	1	4	1	2000
219	7	27	3	6	0	2000	201	760	NoChange	2	2	0	2000
219	7	28	1	4	0	2000	201	1125	NoChange	3	6	0	2000
219	7	29	1	2	1	2000	202	1180	1184	1	4	0	2000
219	7	30	1	6	0	2000	201	905	NoChange	1	2	1	2000
219	7	31	3	2	1	2000	202	1040	39	1	6	0	2000
219	7	32	3	2	1	2000	202	1090	40	3	2	1	2000
219	7	33	4	6	1	2000	202	1010	41	3	2	1	2000
219	7	34	3	4	0	2000	201	1109	NoChange	4	6	1	2000
219	7	35	2	2	0	2000	201	764	NoChange	3	4	0	2000
219	7	36	2	6	0	2000	201	986	NoChange	2	2	0	2000
219	7	37	2	6	1	2000	211	950	41	2	6	0	2000
219	7	38	1	4	1	2000	202	1259	1219	2	6	1	2000
219	7	39	1	6	1	2000	202	924	1226	1	4	1	2000
219	7	40	1	4	0	2000	201	1475	NoChange	1	6	1	2000
219	7	41	4	4	0	2000	201	1092	NoChange	1	4	0	2000
219	7	42	4	4	1	2000	202	876	42	4	4	0	2000
219	7	43	3	6	1	2000	211	1396	41	4	4	1	2000
219	7	44	2	6	1	2000	202	744	42	3	6	1	2000
219	7	45	3	6	0	2000	212	790	NoChange	2	6	1	2000
219	7	46	4	2	0	2000	201	1010	NoChange	3	6	0	2000
219	7	47	1	2	0	2000	201	789	NoChange	4	2	0	2000
219	7	48	3	4	1	2000	211	825	42	1	2	0	2000
219	8	1	3	6	0	2000	201	1616	NoChange	0	0	0	
219	8	2	1	2	0	2000	201	1955	NoChange	3	6	0	2000
219	8	3	1	2	1	2000	202	881	1271	1	2	0	2000
219	8	4	2	4	0	2000	201	801	NoChange	1	2	1	2000
219	8	5	4	6	0	2000	201	636	NoChange	2	4	0	2000
219	8	6	2	2	0	2000	201	782	NoChange	4	6	0	2000
219	8	7	2	4	1	2000	202	1450	43	2	2	0	2000
219	8	8	2	2	1	2000	202	963	44	2	4	1	2000
219	8	9	1	4	0	2000	201	1129	NoChange	2	2	1	2000
219	8	10	4	2	1	2000	202	703	43	1	4	0	2000
219	8	11	1	6	0	2000	201	1263	NoChange	4	2	1	2000
219	8	12	4	4	1	2000	202	864	44	1	6	0	2000
219	8	13	1	6	1	2000	202	2089	1308	4	4	1	2000
219	8	14	4	2	1	2000	202	682	45	1	6	1	2000
219	8	15	2	4	0	2000	201	1129	NoChange	4	2	1	2000
219	8	16	3	6	1	2000	211	1120	43	2	4	0	2000
219	8	17	4	2	0	2000	201	2863	NoChange	3	6	1	2000
219	8	18	4	4	0	2000	201	2201	NoChange	4	2	0	2000
219	8	19	1	6	0	2000	201	860	NoChange	4	4	0	2000
219	8	20	3	4	1	2000	202	1030	44	1	6	0	2000
219	8	21	1	6	1	2000	202	1312	1340	3	4	1	2000
219	8	22	4	6	1	2000	202	1175	46	1	6	1	2000
219	8	23	2	4	1	2000	211	940	45	4	6	1	2000
219	8	24	3	2	1	2000	202	810	45	2	4	1	2000
219	8	25	3	6	0	2000	201	973	NoChange	3	2	1	2000
219	8	26	3	2	1	2000	202	954	46	3	6	0	2000
219	8	27	1	2	0	2000	201	1535	NoChange	3	2	1	2000
219	8	28	3	4	0	2000	201	797	NoChange	1	2	0	2000
219	8	29	4	4	0	2000	201	1473	NoChange	3	4	0	2000
219	8	30	2	6	1	2000	211	970	46	4	4	0	2000
219	8	31	2	2	0	2000	201	1558	NoChange	2	6	1	2000
219	8	32	1	4	1	2000	202	1308	1378	2	2	0	2000
219	8	33	1	4	0	2000	201	1563	NoChange	1	4	1	2000
219	8	34	2	6	0	2000	201	2817	NoChange	1	4	0	2000
219	8	35	4	2	0	2000	201	2060	NoChange	2	6	0	2000
219	8	36	1	2	1	2000	202	990	1393	4	2	0	2000
219	8	37	3	4	0	2000	201	1490	NoChange	1	2	1	2000
219	8	38	3	6	1	2000	211	914	47	3	4	0	2000
219	8	39	4	6	1	2000	211	1137	47	3	6	1	2000
219	8	40	4	4	1	2000	202	863	48	4	6	1	2000
219	8	41	3	4	1	2000	211	1552	48	4	4	1	2000
219	8	42	4	6	0	2000	201	1502	NoChange	3	4	1	2000
219	8	43	3	2	0	2000	201	1213	NoChange	4	6	0	2000
219	8	44	2	6	1	2000	211	1153	47	3	2	0	2000
219	8	45	2	2	1	2000	202	822	48	2	6	1	2000
219	8	46	2	6	0	2000	201	1424	NoChange	2	2	1	2000
219	8	47	1	4	1	2000	202	1467	1438	2	6	0	2000
219	8	48	3	2	0	2000	201	1036	NoChange	1	4	1	2000
219	9	1	1	2	1	2000	202	784	1443	0	0	0	
219	9	2	3	6	1	2000	202	804	49	1	2	1	2000
219	9	3	2	4	0	2000	201	887	NoChange	3	6	1	2000
219	9	4	2	2	0	2000	201	863	NoChange	2	4	0	2000
219	9	5	4	2	0	2000	201	872	NoChange	2	2	0	2000
219	9	6	3	6	1	2000	211	1480	50	4	2	0	2000
219	9	7	3	4	0	2000	201	1273	NoChange	3	6	1	2000
219	9	8	2	4	1	2000	211	842	49	3	4	0	2000
219	9	9	3	4	1	2000	211	780	51	2	4	1	2000
219	9	10	4	2	1	2000	202	5072	49	3	4	1	2000
219	9	11	2	6	1	2000	211	1755	50	4	2	1	2000
219	9	12	1	2	0	2000	201	1360	NoChange	2	6	1	2000
219	9	13	4	6	1	2000	202	861	50	1	2	0	2000
219	9	14	2	2	1	2000	211	879	51	4	6	1	2000
219	9	15	2	6	0	2000	201	1399	NoChange	2	2	1	2000
219	9	16	2	6	1	2000	202	979	52	2	6	0	2000
219	9	17	4	6	0	2000	201	943	NoChange	2	6	1	2000
219	9	18	3	6	0	2000	201	965	NoChange	4	6	0	2000
219	9	19	3	4	0	2000	201	850	NoChange	3	6	0	2000
219	9	20	1	4	1	2000	202	1259	1517	3	4	0	2000
219	9	21	3	6	0	2000	201	1844	NoChange	1	4	1	2000
219	9	22	2	2	1	2000	202	1039	53	3	6	0	2000
219	9	23	3	2	1	2000	202	1545	52	2	2	1	2000
219	9	24	1	6	1	2000	202	951	1532	3	2	1	2000
219	9	25	4	4	0	2000	201	836	NoChange	1	6	1	2000
219	9	26	1	4	1	2000	202	1062	1541	4	4	0	2000
219	9	27	1	4	0	2000	201	951	NoChange	1	4	1	2000
219	9	28	2	6	0	2000	201	1716	NoChange	1	4	0	2000
219	9	29	1	6	1	2000	202	2547	1558	2	6	0	2000
219	9	30	3	2	0	2000	201	1698	NoChange	1	6	1	2000
219	9	31	4	4	1	2000	202	834	51	3	2	0	2000
219	9	32	4	6	1	2000	211	1124	52	4	4	1	2000
219	9	33	2	4	1	2000	202	842	54	4	6	1	2000
219	9	34	4	2	1	2000	202	852	53	2	4	1	2000
219	9	35	1	6	0	2000	212	1029	NoChange	4	2	1	2000
219	9	36	4	4	1	2000	202	776	54	1	6	0	2000
219	9	37	3	2	1	2000	202	981	53	4	4	1	2000
219	9	38	4	4	0	2000	201	913	NoChange	3	2	1	2000
219	9	39	2	2	0	2000	201	1528	NoChange	4	4	0	2000
219	9	40	1	2	1	2000	202	1103	1591	2	2	0	2000
219	9	41	4	2	0	2000	201	1367	NoChange	1	2	1	2000
219	9	42	3	2	0	2000	201	643	NoChange	4	2	0	2000
219	9	43	1	2	0	2000	201	733	NoChange	3	2	0	2000
219	9	44	4	6	0	2000	212	1035	NoChange	1	2	0	2000
219	9	45	1	4	0	2000	201	1597	NoChange	4	6	0	2000
219	9	46	3	4	1	2000	202	761	54	1	4	0	2000
219	9	47	1	6	0	2000	201	1414	NoChange	3	4	1	2000
219	9	48	2	4	0	2000	201	954	NoChange	1	6	0	2000
219	10	1	1	4	1	2000	202	924	1625	0	0	0	
219	10	2	4	6	1	2000	211	1003	55	1	4	1	2000
219	10	3	2	4	0	2000	201	934	NoChange	4	6	1	2000
219	10	4	2	6	1	2000	202	1980	55	2	4	0	2000
219	10	5	4	2	1	2000	211	761	56	2	6	1	2000
219	10	6	3	6	0	2000	201	950	NoChange	4	2	1	2000
219	10	7	1	2	1	2000	202	819	1649	3	6	0	2000
219	10	8	2	2	0	2000	201	4190	NoChange	1	2	1	2000
219	10	9	3	6	0	2000	201	931	NoChange	2	2	0	2000
219	10	10	2	4	0	2000	212	906	NoChange	3	6	0	2000
219	10	11	4	4	0	2000	201	769	NoChange	2	4	0	2000
219	10	12	3	2	1	2000	202	1213	55	4	4	0	2000
219	10	13	2	2	1	2000	202	769	56	3	2	1	2000
219	10	14	4	4	0	2000	201	1925	NoChange	2	2	1	2000
219	10	15	1	6	1	2000	202	1380	1678	4	4	0	2000
219	10	16	2	6	1	2000	211	1017	57	1	6	1	2000
219	10	17	3	4	1	2000	211	3548	56	2	6	1	2000
219	10	18	4	4	1	2000	202	746	57	3	4	1	2000
219	10	19	4	6	0	2000	201	1664	NoChange	4	4	1	2000
219	10	20	2	4	1	2000	202	1289	58	4	6	0	2000
219	10	21	1	4	0	2000	201	841	NoChange	2	4	1	2000
219	10	22	4	6	0	2000	201	1171	NoChange	1	4	0	2000
219	10	23	3	4	1	2000	202	768	57	4	6	0	2000
219	10	24	3	6	1	2000	211	940	58	3	4	1	2000
219	10	25	2	2	0	2000	201	890	NoChange	3	6	1	2000
219	10	26	3	4	0	2000	201	1018	NoChange	2	2	0	2000
219	10	27	3	4	0	2000	201	901	NoChange	3	4	0	2000
219	10	28	3	6	1	2000	211	1180	59	3	4	0	2000
219	10	29	1	2	0	2000	201	1137	NoChange	3	6	1	2000
219	10	30	1	4	1	2000	202	1127	1738	1	2	0	2000
219	10	31	3	2	1	2000	211	1117	60	1	4	1	2000
219	10	32	4	2	0	2000	201	836	NoChange	3	2	1	2000
219	10	33	3	2	0	2000	201	1230	NoChange	4	2	0	2000
219	10	34	2	6	0	2000	201	864	NoChange	3	2	0	2000
219	10	35	1	2	0	2000	201	930	NoChange	2	6	0	2000
219	10	36	2	2	1	2000	202	848	59	1	2	0	2000
219	10	37	4	6	1	2000	202	858	58	2	2	1	2000
219	10	38	1	4	0	2000	201	1155	NoChange	4	6	1	2000
219	10	39	4	4	1	2000	202	1265	59	1	4	0	2000
219	10	40	2	6	0	2000	212	1370	NoChange	4	4	1	2000
219	10	41	1	2	1	2000	202	959	1773	2	6	0	2000
219	10	42	1	6	0	2000	201	1036	NoChange	1	2	1	2000
219	10	43	3	2	0	2000	201	1078	NoChange	1	6	0	2000
219	10	44	2	4	1	2000	202	1126	60	3	2	0	2000
219	10	45	4	2	1	2000	202	893	60	2	4	1	2000
219	10	46	4	2	0	2000	201	1285	NoChange	4	2	1	2000
219	10	47	1	6	0	2000	212	3293	NoChange	4	2	0	2000
219	10	48	1	6	1	2000	202	942	1800	1	6	0	2000
219	11	1	4	4	1	2000	211	1028	61	0	0	0	
219	11	2	4	4	1	2000	202	710	62	4	4	1	2000
219	11	3	2	4	0	2000	201	733	NoChange	4	4	1	2000
219	11	4	3	2	1	2000	211	643	61	2	4	0	2000
219	11	5	1	6	1	2000	211	1989	1818	3	2	1	2000
219	11	6	3	6	0	2000	201	753	NoChange	1	6	1	2000
219	11	7	4	2	0	2000	201	631	NoChange	3	6	0	2000
219	11	8	2	4	1	2000	202	889	61	4	2	0	2000
219	11	9	3	2	1	2000	211	793	62	2	4	1	2000
219	11	10	3	6	0	2000	201	637	NoChange	3	2	1	2000
219	11	11	4	6	0	2000	201	559	NoChange	3	6	0	2000
219	11	12	4	2	0	2000	201	612	NoChange	4	6	0	2000
219	11	13	1	2	1	2000	202	703	1847	4	2	0	2000
219	11	14	2	2	0	2000	201	1062	NoChange	1	2	1	2000
219	11	15	2	6	0	2000	201	895	NoChange	2	2	0	2000
219	11	16	4	6	1	2000	202	831	63	2	6	0	2000
219	11	17	4	6	1	2000	211	1026	64	4	6	1	2000
219	11	18	2	6	1	2000	202	1140	62	4	6	1	2000
219	11	19	1	4	1	2000	202	1042	1875	2	6	1	2000
219	11	20	3	4	0	2000	201	836	NoChange	1	4	1	2000
219	11	21	4	6	0	2000	201	638	NoChange	3	4	0	2000
219	11	22	1	2	1	2000	202	1552	1888	4	6	0	2000
219	11	23	1	2	0	2000	201	917	NoChange	1	2	1	2000
219	11	24	3	2	0	2000	201	1196	NoChange	1	2	0	2000
219	11	25	3	4	1	2000	202	2056	63	3	2	0	2000
219	11	26	4	4	0	2000	201	1050	NoChange	3	4	1	2000
219	11	27	4	2	1	2000	202	931	65	4	4	0	2000
219	11	28	3	6	1	2000	202	1161	64	4	2	1	2000
219	11	29	3	2	0	2000	201	2375	NoChange	3	6	1	2000
219	11	30	2	6	0	2000	201	1108	NoChange	3	2	0	2000
219	11	31	1	4	1	2000	202	1299	1918	2	6	0	2000
219	11	32	1	6	0	2000	201	947	NoChange	1	4	1	2000
219	11	33	2	2	0	2000	201	1616	NoChange	1	6	0	2000
219	11	34	2	6	1	2000	202	1283	63	2	2	0	2000
219	11	35	2	2	1	2000	202	819	64	2	6	1	2000
219	11	36	1	4	0	2000	201	1318	NoChange	2	2	1	2000
219	11	37	4	4	0	2000	201	1605	NoChange	1	4	0	2000
219	11	38	4	2	1	2000	202	1000	66	4	4	0	2000
219	11	39	1	6	1	2000	202	1067	1948	4	2	1	2000
219	11	40	1	6	0	2000	201	676	NoChange	1	6	1	2000
219	11	41	3	4	1	2000	211	781	65	1	6	0	2000
219	11	42	2	4	1	2000	202	745	65	3	4	1	2000
219	11	43	3	4	0	2000	212	1271	NoChange	2	4	1	2000
219	11	44	1	4	0	2000	201	1696	NoChange	3	4	0	2000
219	11	45	3	6	1	2000	202	920	66	1	4	0	2000
219	11	46	1	2	0	2000	201	1302	NoChange	3	6	1	2000
219	11	47	2	4	0	2000	201	1182	NoChange	1	2	0	2000
219	11	48	2	2	1	2000	202	786	66	2	4	0	2000
219	12	1	4	2	1	2000	202	730	67	0	0	0	
219	12	2	1	2	1	2000	202	713	1984	4	2	1	2000
219	12	3	2	6	0	2000	201	864	NoChange	1	2	1	2000
219	12	4	4	6	0	2000	201	817	NoChange	2	6	0	2000
219	12	5	2	4	0	2000	201	1164	NoChange	4	6	0	2000
219	12	6	1	6	1	2000	202	841	2007	2	4	0	2000
219	12	7	1	2	0	2000	201	803	NoChange	1	6	1	2000
219	12	8	4	4	1	2000	202	702	68	1	2	0	2000
219	12	9	2	2	0	2000	201	749	NoChange	4	4	1	2000
219	12	10	4	4	1	2000	202	915	69	2	2	0	2000
219	12	11	3	4	0	2000	201	1658	NoChange	4	4	1	2000
219	12	12	1	2	1	2000	202	2083	2024	3	4	0	2000
219	12	13	3	2	1	2000	202	788	67	1	2	1	2000
219	12	14	3	6	0	2000	201	1239	NoChange	3	2	1	2000
219	12	15	3	4	0	2000	201	1049	NoChange	3	6	0	2000
219	12	16	4	4	0	2000	201	627	NoChange	3	4	0	2000
219	12	17	3	6	1	2000	202	821	68	4	4	0	2000
219	12	18	1	6	0	2000	201	832	NoChange	3	6	1	2000
219	12	19	3	4	1	2000	202	866	69	1	6	0	2000
219	12	20	4	6	1	2000	202	730	70	3	4	1	2000
219	12	21	2	4	1	2000	211	1361	67	4	6	1	2000
219	12	22	4	4	0	2000	201	1054	NoChange	2	4	1	2000
219	12	23	1	4	0	2000	201	2319	NoChange	4	4	0	2000
219	12	24	2	2	1	2000	202	662	68	1	4	0	2000
219	12	25	1	4	1	2000	202	856	2075	2	2	1	2000
219	12	26	3	2	0	2000	201	1121	NoChange	1	4	1	2000
219	12	27	3	2	1	2000	202	1831	70	3	2	0	2000
219	12	28	4	6	1	2000	202	1274	71	3	2	1	2000
219	12	29	2	6	1	2000	211	1370	69	4	6	1	2000
219	12	30	3	2	0	2000	201	1399	NoChange	2	6	1	2000
219	12	31	4	6	0	2000	201	1611	NoChange	3	2	0	2000
219	12	32	1	6	0	2000	201	886	NoChange	4	6	0	2000
219	12	33	3	4	1	2000	211	950	71	1	6	0	2000
219	12	34	4	2	0	2000	201	611	NoChange	3	4	1	2000
219	12	35	2	6	1	2000	202	750	70	4	2	0	2000
219	12	36	2	4	1	2000	202	1020	71	2	6	1	2000
219	12	37	3	6	1	2000	211	1342	72	2	4	1	2000
219	12	38	1	4	0	2000	201	900	NoChange	3	6	1	2000
219	12	39	2	6	0	2000	201	859	NoChange	1	4	0	2000
219	12	40	2	4	0	2000	201	1045	NoChange	2	6	0	2000
219	12	41	4	2	1	2000	202	775	72	2	4	0	2000
219	12	42	2	2	1	2000	202	1467	72	4	2	1	2000
219	12	43	1	6	1	2000	202	1380	2143	2	2	1	2000
219	12	44	4	2	0	2000	201	857	NoChange	1	6	1	2000
219	12	45	1	2	0	2000	201	898	NoChange	4	2	0	2000
219	12	46	1	4	1	2000	202	1194	2152	1	2	0	2000
219	12	47	3	6	0	2000	201	1366	NoChange	1	4	1	2000
219	12	48	2	2	0	2000	201	802	NoChange	3	6	0	2000
