#subject	block	trial	condition	setsize	change	time	responses	time	Pic	prev_condition	prev_setsize	prev_change	prev_time
110	1	1	4	6	1	2000	211	744	1	0	0	0	
110	1	2	3	2	0	2000	201	446	NoChange	4	6	1	2000
110	1	3	4	4	0	2000	201	399	NoChange	3	2	0	2000
110	1	4	1	6	1	2000	202	618	18	4	4	0	2000
110	1	5	4	4	0	2000	201	581	NoChange	1	6	1	2000
110	1	6	2	6	1	2000	202	473	1	4	4	0	2000
110	1	7	4	6	0	2000	201	418	NoChange	2	6	1	2000
110	1	8	4	2	1	2000	202	452	2	4	6	0	2000
110	1	9	2	6	0	2000	201	781	NoChange	4	2	1	2000
110	1	10	3	6	0	2000	201	530	NoChange	2	6	0	2000
110	1	11	4	2	1	2000	202	896	3	3	6	0	2000
110	1	12	1	6	0	2000	201	440	NoChange	4	2	1	2000
110	1	13	2	6	0	2000	201	602	NoChange	1	6	0	2000
110	1	14	4	4	1	2000	202	565	4	2	6	0	2000
110	1	15	4	4	1	2000	202	682	5	4	4	1	2000
110	1	16	3	4	1	2000	211	698	1	4	4	1	2000
110	1	17	1	6	0	2000	212	1082	NoChange	3	4	1	2000
110	1	18	3	6	1	2000	211	617	2	1	6	0	2000
110	1	19	2	6	1	2000	211	1692	2	3	6	1	2000
110	1	20	2	4	0	2000	201	692	NoChange	2	6	1	2000
110	1	21	2	2	1	2000	202	868	3	2	4	0	2000
110	1	22	4	6	0	2000	212	884	NoChange	2	2	1	2000
110	1	23	1	4	0	2000	201	580	NoChange	4	6	0	2000
110	1	24	1	4	1	2000	202	737	104	1	4	0	2000
110	1	25	4	2	0	2000	201	663	NoChange	1	4	1	2000
110	1	26	2	2	0	2000	201	696	NoChange	4	2	0	2000
110	1	27	1	2	0	2000	212	2408	NoChange	2	2	0	2000
110	1	28	1	4	1	2000	202	571	115	1	2	0	2000
110	1	29	2	4	1	2000	211	592	4	1	4	1	2000
110	1	30	3	4	0	2000	201	612	NoChange	2	4	1	2000
110	1	31	1	2	1	2000	202	751	125	3	4	0	2000
110	1	32	3	2	1	2000	202	836	3	1	2	1	2000
110	1	33	3	4	0	2000	201	694	NoChange	3	2	1	2000
110	1	34	1	4	0	2000	201	597	NoChange	3	4	0	2000
110	1	35	2	2	0	2000	201	737	NoChange	1	4	0	2000
110	1	36	2	2	1	2000	211	1023	5	2	2	0	2000
110	1	37	2	4	0	2000	201	642	NoChange	2	2	1	2000
110	1	38	1	2	1	2000	202	996	144	2	4	0	2000
110	1	39	3	2	1	2000	202	855	4	1	2	1	2000
110	1	40	3	6	1	2000	202	777	5	3	2	1	2000
110	1	41	3	6	0	2000	201	637	NoChange	3	6	1	2000
110	1	42	1	2	0	2000	201	503	NoChange	3	6	0	2000
110	1	43	4	6	1	2000	202	590	6	1	2	0	2000
110	1	44	3	4	1	2000	211	1114	6	4	6	1	2000
110	1	45	3	2	0	2000	201	881	NoChange	3	4	1	2000
110	1	46	4	2	0	2000	201	762	NoChange	3	2	0	2000
110	1	47	1	6	1	2000	202	727	177	4	2	0	2000
110	1	48	2	4	1	2000	202	709	6	1	6	1	2000
110	2	1	2	6	1	2000	202	835	7	0	0	0	
110	2	2	2	6	1	2000	202	541	8	2	6	1	2000
110	2	3	3	2	0	2000	201	539	NoChange	2	6	1	2000
110	2	4	2	2	1	2000	202	528	9	3	2	0	2000
110	2	5	4	2	1	2000	202	1687	7	2	2	1	2000
110	2	6	3	6	1	2000	211	759	7	4	2	1	2000
110	2	7	4	4	1	2000	202	756	8	3	6	1	2000
110	2	8	3	2	0	2000	212	1985	NoChange	4	4	1	2000
110	2	9	1	6	0	2000	212	1766	NoChange	3	2	0	2000
110	2	10	2	4	0	2000	201	618	NoChange	1	6	0	2000
110	2	11	1	2	1	2000	202	589	217	2	4	0	2000
110	2	12	1	2	1	2000	202	553	220	1	2	1	2000
110	2	13	1	4	0	2000	201	1262	NoChange	1	2	1	2000
110	2	14	3	6	0	2000	201	951	NoChange	1	4	0	2000
110	2	15	4	6	1	2000	202	620	9	3	6	0	2000
110	2	16	1	4	0	2000	201	791	NoChange	4	6	1	2000
110	2	17	2	6	0	2000	201	851	NoChange	1	4	0	2000
110	2	18	1	6	1	2000	202	572	252	2	6	0	2000
110	2	19	1	6	0	2000	201	496	NoChange	1	6	1	2000
110	2	20	1	2	0	2000	201	640	NoChange	1	6	0	2000
110	2	21	3	4	0	2000	201	466	NoChange	1	2	0	2000
110	2	22	1	4	1	2000	202	562	269	3	4	0	2000
110	2	23	2	2	0	2000	201	447	NoChange	1	4	1	2000
110	2	24	3	4	1	2000	211	593	8	2	2	0	2000
110	2	25	2	4	0	2000	201	501	NoChange	3	4	1	2000
110	2	26	2	6	0	2000	201	660	NoChange	2	4	0	2000
110	2	27	4	4	0	2000	201	517	NoChange	2	6	0	2000
110	2	28	1	6	1	2000	202	756	295	4	4	0	2000
110	2	29	4	6	0	2000	201	601	NoChange	1	6	1	2000
110	2	30	4	4	1	2000	202	1052	10	4	6	0	2000
110	2	31	3	6	1	2000	211	709	9	4	4	1	2000
110	2	32	2	2	1	2000	202	660	10	3	6	1	2000
110	2	33	4	2	0	2000	201	1301	NoChange	2	2	1	2000
110	2	34	2	4	1	2000	211	1069	11	4	2	0	2000
110	2	35	2	4	1	2000	211	573	12	2	4	1	2000
110	2	36	3	2	1	2000	211	538	10	2	4	1	2000
110	2	37	3	6	0	2000	212	728	NoChange	3	2	1	2000
110	2	38	1	2	0	2000	201	758	NoChange	3	6	0	2000
110	2	39	4	6	1	2000	202	931	11	1	2	0	2000
110	2	40	3	4	0	2000	201	506	NoChange	4	6	1	2000
110	2	41	4	2	1	2000	211	713	12	3	4	0	2000
110	2	42	3	2	1	2000	202	752	11	4	2	1	2000
110	2	43	2	2	0	2000	201	549	NoChange	3	2	1	2000
110	2	44	4	2	0	2000	201	610	NoChange	2	2	0	2000
110	2	45	3	4	1	2000	202	893	12	4	2	0	2000
110	2	46	4	4	0	2000	201	861	NoChange	3	4	1	2000
110	2	47	1	4	1	2000	202	767	354	4	4	0	2000
110	2	48	4	6	0	2000	201	563	NoChange	1	4	1	2000
110	3	1	3	2	0	2000	201	444	NoChange	0	0	0	
110	3	2	4	2	0	2000	201	597	NoChange	3	2	0	2000
110	3	3	2	2	0	2000	201	537	NoChange	4	2	0	2000
110	3	4	1	4	0	2000	201	599	NoChange	2	2	0	2000
110	3	5	4	4	1	2000	202	874	13	1	4	0	2000
110	3	6	3	2	1	2000	211	483	13	4	4	1	2000
110	3	7	3	6	1	2000	202	1098	14	3	2	1	2000
110	3	8	1	6	0	2000	201	690	NoChange	3	6	1	2000
110	3	9	2	2	1	2000	202	1114	13	1	6	0	2000
110	3	10	2	4	1	2000	202	825	14	2	2	1	2000
110	3	11	1	2	1	2000	202	659	392	2	4	1	2000
110	3	12	3	2	1	2000	202	772	15	1	2	1	2000
110	3	13	3	2	0	2000	201	897	NoChange	3	2	1	2000
110	3	14	3	4	1	2000	202	545	16	3	2	0	2000
110	3	15	2	6	1	2000	211	1559	15	3	4	1	2000
110	3	16	1	4	0	2000	212	1180	NoChange	2	6	1	2000
110	3	17	3	6	0	2000	201	617	NoChange	1	4	0	2000
110	3	18	2	4	0	2000	201	691	NoChange	3	6	0	2000
110	3	19	1	6	1	2000	202	475	424	2	4	0	2000
110	3	20	4	4	0	2000	201	531	NoChange	1	6	1	2000
110	3	21	4	6	1	2000	202	866	14	4	4	0	2000
110	3	22	2	6	0	2000	201	906	NoChange	4	6	1	2000
110	3	23	1	4	1	2000	202	490	444	2	6	0	2000
110	3	24	3	6	0	2000	201	905	NoChange	1	4	1	2000
110	3	25	1	2	1	2000	202	545	453	3	6	0	2000
110	3	26	3	4	1	2000	211	574	17	1	2	1	2000
110	3	27	1	2	0	2000	201	571	NoChange	3	4	1	2000
110	3	28	4	6	0	2000	201	1103	NoChange	1	2	0	2000
110	3	29	4	6	0	2000	201	815	NoChange	4	6	0	2000
110	3	30	4	6	1	2000	202	554	15	4	6	0	2000
110	3	31	2	6	1	2000	202	1335	16	4	6	1	2000
110	3	32	4	2	1	2000	202	917	16	2	6	1	2000
110	3	33	2	4	1	2000	202	675	17	4	2	1	2000
110	3	34	4	2	1	2000	202	732	17	2	4	1	2000
110	3	35	1	6	1	2000	202	570	492	4	2	1	2000
110	3	36	1	6	0	2000	201	654	NoChange	1	6	1	2000
110	3	37	2	2	1	2000	202	567	18	1	6	0	2000
110	3	38	4	2	0	2000	201	1084	NoChange	2	2	1	2000
110	3	39	2	2	0	2000	201	2420	NoChange	4	2	0	2000
110	3	40	3	4	0	2000	201	567	NoChange	2	2	0	2000
110	3	41	3	6	1	2000	211	531	18	3	4	0	2000
110	3	42	2	4	0	2000	201	962	NoChange	3	6	1	2000
110	3	43	4	4	0	2000	201	591	NoChange	2	4	0	2000
110	3	44	2	6	0	2000	201	475	NoChange	4	4	0	2000
110	3	45	4	4	1	2000	211	1371	18	2	6	0	2000
110	3	46	3	4	0	2000	201	600	NoChange	4	4	1	2000
110	3	47	1	2	0	2000	201	995	NoChange	3	4	0	2000
110	3	48	1	4	1	2000	202	863	540	1	2	0	2000
110	4	1	3	6	1	2000	202	590	19	0	0	0	
110	4	2	4	6	1	2000	202	769	19	3	6	1	2000
110	4	3	4	2	0	2000	201	822	NoChange	4	6	1	2000
110	4	4	4	6	0	2000	201	809	NoChange	4	2	0	2000
110	4	5	1	6	0	2000	212	4788	NoChange	4	6	0	2000
110	4	6	4	4	1	2000	202	1385	20	1	6	0	2000
110	4	7	1	2	0	2000	201	1221	NoChange	4	4	1	2000
110	4	8	4	4	0	2000	201	528	NoChange	1	2	0	2000
110	4	9	1	6	1	2000	202	502	580	4	4	0	2000
110	4	10	1	2	0	2000	201	381	NoChange	1	6	1	2000
110	4	11	3	4	0	2000	201	610	NoChange	1	2	0	2000
110	4	12	3	6	0	2000	201	613	NoChange	3	4	0	2000
110	4	13	4	6	1	2000	202	640	21	3	6	0	2000
110	4	14	4	2	1	2000	202	898	22	4	6	1	2000
110	4	15	2	6	0	2000	201	498	NoChange	4	2	1	2000
110	4	16	1	4	1	2000	202	505	609	2	6	0	2000
110	4	17	2	2	1	2000	202	640	19	1	4	1	2000
110	4	18	3	2	0	2000	201	554	NoChange	2	2	1	2000
110	4	19	4	6	0	2000	212	935	NoChange	3	2	0	2000
110	4	20	3	6	0	2000	201	1013	NoChange	4	6	0	2000
110	4	21	2	2	0	2000	201	705	NoChange	3	6	0	2000
110	4	22	4	2	1	2000	202	560	23	2	2	0	2000
110	4	23	2	6	1	2000	202	533	20	4	2	1	2000
110	4	24	1	4	0	2000	201	619	NoChange	2	6	1	2000
110	4	25	2	2	1	2000	202	669	21	1	4	0	2000
110	4	26	1	4	0	2000	201	1046	NoChange	2	2	1	2000
110	4	27	2	4	1	2000	211	695	22	1	4	0	2000
110	4	28	1	6	1	2000	202	527	651	2	4	1	2000
110	4	29	3	4	0	2000	201	702	NoChange	1	6	1	2000
110	4	30	3	4	1	2000	211	645	20	3	4	0	2000
110	4	31	4	4	1	2000	211	679	24	3	4	1	2000
110	4	32	2	4	0	2000	212	719	NoChange	4	4	1	2000
110	4	33	1	2	1	2000	202	1006	668	2	4	0	2000
110	4	34	2	4	1	2000	202	633	23	1	2	1	2000
110	4	35	3	2	0	2000	201	731	NoChange	2	4	1	2000
110	4	36	4	4	0	2000	201	673	NoChange	3	2	0	2000
110	4	37	1	2	1	2000	202	538	680	4	4	0	2000
110	4	38	1	6	0	2000	201	463	NoChange	1	2	1	2000
110	4	39	2	2	0	2000	201	736	NoChange	1	6	0	2000
110	4	40	4	2	0	2000	201	582	NoChange	2	2	0	2000
110	4	41	2	6	0	2000	212	1034	NoChange	4	2	0	2000
110	4	42	2	6	1	2000	202	980	24	2	6	0	2000
110	4	43	3	4	1	2000	202	1289	21	2	6	1	2000
110	4	44	3	2	1	2000	202	625	22	3	4	1	2000
110	4	45	2	4	0	2000	201	987	NoChange	3	2	1	2000
110	4	46	3	6	1	2000	202	2031	23	2	4	0	2000
110	4	47	3	2	1	2000	202	745	24	3	6	1	2000
110	4	48	1	4	1	2000	202	871	720	3	2	1	2000
110	5	1	4	4	0	2000	212	609	NoChange	0	0	0	
110	5	2	3	4	0	2000	201	772	NoChange	4	4	0	2000
110	5	3	4	2	0	2000	201	608	NoChange	3	4	0	2000
110	5	4	4	4	1	2000	202	612	25	4	2	0	2000
110	5	5	4	2	0	2000	201	607	NoChange	4	4	1	2000
110	5	6	3	6	1	2000	202	834	25	4	2	0	2000
110	5	7	3	2	1	2000	202	588	26	3	6	1	2000
110	5	8	4	2	1	2000	202	695	26	3	2	1	2000
110	5	9	3	4	0	2000	201	879	NoChange	4	2	1	2000
110	5	10	2	6	1	2000	202	1056	25	3	4	0	2000
110	5	11	1	4	0	2000	201	593	NoChange	2	6	1	2000
110	5	12	2	6	0	2000	201	621	NoChange	1	4	0	2000
110	5	13	2	4	1	2000	202	743	26	2	6	0	2000
110	5	14	1	4	1	2000	202	757	769	2	4	1	2000
110	5	15	4	6	1	2000	202	770	27	1	4	1	2000
110	5	16	1	2	1	2000	202	567	777	4	6	1	2000
110	5	17	3	6	0	2000	201	659	NoChange	1	2	1	2000
110	5	18	2	6	1	2000	202	812	27	3	6	0	2000
110	5	19	3	2	1	2000	211	816	27	2	6	1	2000
110	5	20	1	2	0	2000	201	690	NoChange	3	2	1	2000
110	5	21	1	6	1	2000	202	658	798	1	2	0	2000
110	5	22	4	4	1	2000	202	755	28	1	6	1	2000
110	5	23	3	2	0	2000	212	928	NoChange	4	4	1	2000
110	5	24	4	2	1	2000	202	599	29	3	2	0	2000
110	5	25	4	6	0	2000	212	506	NoChange	4	2	1	2000
110	5	26	2	2	0	2000	201	745	NoChange	4	6	0	2000
110	5	27	3	6	0	2000	201	639	NoChange	2	2	0	2000
110	5	28	3	2	0	2000	201	561	NoChange	3	6	0	2000
110	5	29	2	2	0	2000	201	734	NoChange	3	2	0	2000
110	5	30	2	6	0	2000	201	596	NoChange	2	2	0	2000
110	5	31	4	4	0	2000	201	743	NoChange	2	6	0	2000
110	5	32	4	6	1	2000	211	685	30	4	4	0	2000
110	5	33	2	4	0	2000	201	493	NoChange	4	6	1	2000
110	5	34	3	6	1	2000	202	829	28	2	4	0	2000
110	5	35	1	4	1	2000	202	623	851	3	6	1	2000
110	5	36	2	4	1	2000	202	602	28	1	4	1	2000
110	5	37	3	4	1	2000	211	1501	29	2	4	1	2000
110	5	38	2	2	1	2000	202	1060	29	3	4	1	2000
110	5	39	4	6	0	2000	212	493	NoChange	2	2	1	2000
110	5	40	1	6	1	2000	202	613	871	4	6	0	2000
110	5	41	1	2	1	2000	202	672	874	1	6	1	2000
110	5	42	2	4	0	2000	201	633	NoChange	1	2	1	2000
110	5	43	1	6	0	2000	201	755	NoChange	2	4	0	2000
110	5	44	1	4	0	2000	201	648	NoChange	1	6	0	2000
110	5	45	1	2	0	2000	201	850	NoChange	1	4	0	2000
110	5	46	1	6	0	2000	201	1987	NoChange	1	2	0	2000
110	5	47	3	4	1	2000	202	975	30	1	6	0	2000
110	5	48	2	2	1	2000	202	500	30	3	4	1	2000
110	6	1	3	4	0	2000	201	1003	NoChange	0	0	0	
110	6	2	4	6	1	2000	211	558	31	3	4	0	2000
110	6	3	4	6	0	2000	212	1668	NoChange	4	6	1	2000
110	6	4	3	6	1	2000	202	772	31	4	6	0	2000
110	6	5	3	4	1	2000	211	1369	32	3	6	1	2000
110	6	6	3	6	1	2000	202	1862	33	3	4	1	2000
110	6	7	4	2	1	2000	202	511	32	3	6	1	2000
110	6	8	2	2	0	2000	201	670	NoChange	4	2	1	2000
110	6	9	4	2	0	2000	201	1783	NoChange	2	2	0	2000
110	6	10	3	2	1	2000	211	811	34	4	2	0	2000
110	6	11	4	4	1	2000	211	734	33	3	2	1	2000
110	6	12	1	4	1	2000	202	532	942	4	4	1	2000
110	6	13	4	6	0	2000	201	706	NoChange	1	4	1	2000
110	6	14	2	6	1	2000	211	697	31	4	6	0	2000
110	6	15	1	4	1	2000	202	513	958	2	6	1	2000
110	6	16	1	6	1	2000	202	480	965	1	4	1	2000
110	6	17	4	4	1	2000	211	640	34	1	6	1	2000
110	6	18	1	2	1	2000	202	482	971	4	4	1	2000
110	6	19	1	6	0	2000	201	570	NoChange	1	2	1	2000
110	6	20	3	2	1	2000	202	734	35	1	6	0	2000
110	6	21	2	4	1	2000	202	948	32	3	2	1	2000
110	6	22	2	6	0	2000	201	545	NoChange	2	4	1	2000
110	6	23	3	6	0	2000	201	1335	NoChange	2	6	0	2000
110	6	24	1	2	0	2000	201	509	NoChange	3	6	0	2000
110	6	25	4	4	0	2000	201	996	NoChange	1	2	0	2000
110	6	26	1	6	0	2000	212	1016	NoChange	4	4	0	2000
110	6	27	2	2	1	2000	202	667	33	1	6	0	2000
110	6	28	1	4	0	2000	201	643	NoChange	2	2	1	2000
110	6	29	2	4	0	2000	201	581	NoChange	1	4	0	2000
110	6	30	1	2	0	2000	201	617	NoChange	2	4	0	2000
110	6	31	1	4	0	2000	212	740	NoChange	1	2	0	2000
110	6	32	2	6	0	2000	201	546	NoChange	1	4	0	2000
110	6	33	2	6	1	2000	202	639	34	2	6	0	2000
110	6	34	1	2	1	2000	202	673	1034	2	6	1	2000
110	6	35	4	4	0	2000	201	1050	NoChange	1	2	1	2000
110	6	36	4	6	1	2000	202	827	35	4	4	0	2000
110	6	37	3	2	0	2000	201	677	NoChange	4	6	1	2000
110	6	38	3	6	0	2000	201	718	NoChange	3	2	0	2000
110	6	39	4	2	0	2000	201	612	NoChange	3	6	0	2000
110	6	40	2	4	1	2000	202	800	35	4	2	0	2000
110	6	41	1	6	1	2000	202	459	1063	2	4	1	2000
110	6	42	3	2	0	2000	201	620	NoChange	1	6	1	2000
110	6	43	3	4	1	2000	202	870	36	3	2	0	2000
110	6	44	2	2	0	2000	201	559	NoChange	3	4	1	2000
110	6	45	2	4	0	2000	201	684	NoChange	2	2	0	2000
110	6	46	3	4	0	2000	201	604	NoChange	2	4	0	2000
110	6	47	2	2	1	2000	202	583	36	3	4	0	2000
110	6	48	4	2	1	2000	202	539	36	2	2	1	2000
110	7	1	2	2	1	2000	202	665	37	0	0	0	
110	7	2	1	4	0	2000	212	738	NoChange	2	2	1	2000
110	7	3	4	6	1	2000	202	512	37	1	4	0	2000
110	7	4	3	4	1	2000	211	1263	37	4	6	1	2000
110	7	5	4	2	1	2000	202	864	38	3	4	1	2000
110	7	6	2	6	0	2000	201	873	NoChange	4	2	1	2000
110	7	7	2	6	0	2000	201	882	NoChange	2	6	0	2000
110	7	8	4	2	0	2000	201	586	NoChange	2	6	0	2000
110	7	9	2	6	1	2000	202	638	38	4	2	0	2000
110	7	10	2	4	0	2000	201	815	NoChange	2	6	1	2000
110	7	11	1	6	1	2000	202	442	1124	2	4	0	2000
110	7	12	1	6	0	2000	201	724	NoChange	1	6	1	2000
110	7	13	2	4	0	2000	201	682	NoChange	1	6	0	2000
110	7	14	2	2	1	2000	202	810	39	2	4	0	2000
110	7	15	4	6	1	2000	202	1453	39	2	2	1	2000
110	7	16	1	2	0	2000	201	911	NoChange	4	6	1	2000
110	7	17	4	2	0	2000	201	454	NoChange	1	2	0	2000
110	7	18	2	4	1	2000	202	559	40	4	2	0	2000
110	7	19	4	4	1	2000	211	748	40	2	4	1	2000
110	7	20	1	2	1	2000	202	562	1153	4	4	1	2000
110	7	21	4	6	0	2000	201	663	NoChange	1	2	1	2000
110	7	22	3	2	1	2000	202	936	38	4	6	0	2000
110	7	23	3	4	0	2000	201	638	NoChange	3	2	1	2000
110	7	24	2	4	1	2000	211	920	41	3	4	0	2000
110	7	25	4	2	1	2000	202	718	41	2	4	1	2000
110	7	26	4	4	0	2000	201	869	NoChange	4	2	1	2000
110	7	27	1	2	0	2000	201	565	NoChange	4	4	0	2000
110	7	28	3	6	1	2000	202	1498	39	1	2	0	2000
110	7	29	4	4	0	2000	201	825	NoChange	3	6	1	2000
110	7	30	1	4	0	2000	201	540	NoChange	4	4	0	2000
110	7	31	3	4	1	2000	211	1170	40	1	4	0	2000
110	7	32	1	4	1	2000	202	486	1195	3	4	1	2000
110	7	33	3	2	0	2000	201	494	NoChange	1	4	1	2000
110	7	34	2	2	0	2000	201	1278	NoChange	3	2	0	2000
110	7	35	1	6	1	2000	202	734	1206	2	2	0	2000
110	7	36	3	6	1	2000	202	1060	41	1	6	1	2000
110	7	37	4	4	1	2000	202	974	42	3	6	1	2000
110	7	38	1	2	1	2000	202	1050	1217	4	4	1	2000
110	7	39	3	2	1	2000	211	2595	42	1	2	1	2000
110	7	40	2	6	1	2000	202	1024	42	3	2	1	2000
110	7	41	2	2	0	2000	201	595	NoChange	2	6	1	2000
110	7	42	3	6	0	2000	201	446	NoChange	2	2	0	2000
110	7	43	1	6	0	2000	201	560	NoChange	3	6	0	2000
110	7	44	3	6	0	2000	201	949	NoChange	1	6	0	2000
110	7	45	4	6	0	2000	201	418	NoChange	3	6	0	2000
110	7	46	3	4	0	2000	201	997	NoChange	4	6	0	2000
110	7	47	3	2	0	2000	201	1041	NoChange	3	4	0	2000
110	7	48	1	4	1	2000	202	867	1260	3	2	0	2000
110	8	1	4	6	0	2000	201	600	NoChange	0	0	0	
110	8	2	3	4	0	2000	201	563	NoChange	4	6	0	2000
110	8	3	3	2	0	2000	201	536	NoChange	3	4	0	2000
110	8	4	1	2	0	2000	201	390	NoChange	3	2	0	2000
110	8	5	4	4	1	2000	202	746	43	1	2	0	2000
110	8	6	2	6	0	2000	201	568	NoChange	4	4	1	2000
110	8	7	3	6	0	2000	201	492	NoChange	2	6	0	2000
110	8	8	4	6	1	2000	202	660	44	3	6	0	2000
110	8	9	4	6	1	2000	202	565	45	4	6	1	2000
110	8	10	1	2	0	2000	212	1001	NoChange	4	6	1	2000
110	8	11	2	4	1	2000	202	1533	43	1	2	0	2000
110	8	12	3	2	1	2000	202	1107	43	2	4	1	2000
110	8	13	4	2	0	2000	212	2354	NoChange	3	2	1	2000
110	8	14	1	4	0	2000	201	928	NoChange	4	2	0	2000
110	8	15	3	4	1	2000	211	782	44	1	4	0	2000
110	8	16	4	6	0	2000	201	1050	NoChange	3	4	1	2000
110	8	17	2	4	0	2000	201	660	NoChange	4	6	0	2000
110	8	18	2	6	1	2000	202	1341	44	2	4	0	2000
110	8	19	4	4	1	2000	202	1251	46	2	6	1	2000
110	8	20	4	2	1	2000	202	676	47	4	4	1	2000
110	8	21	4	2	0	2000	201	589	NoChange	4	2	1	2000
110	8	22	1	6	0	2000	201	688	NoChange	4	2	0	2000
110	8	23	2	2	0	2000	201	952	NoChange	1	6	0	2000
110	8	24	1	6	1	2000	202	645	1350	2	2	0	2000
110	8	25	3	6	1	2000	211	1135	45	1	6	1	2000
110	8	26	2	6	1	2000	211	2821	45	3	6	1	2000
110	8	27	2	2	0	2000	201	697	NoChange	2	6	1	2000
110	8	28	2	2	1	2000	202	736	46	2	2	0	2000
110	8	29	4	2	1	2000	202	582	48	2	2	1	2000
110	8	30	3	4	0	2000	201	546	NoChange	4	2	1	2000
110	8	31	3	6	0	2000	201	816	NoChange	3	4	0	2000
110	8	32	1	2	1	2000	202	530	1377	3	6	0	2000
110	8	33	3	2	1	2000	202	793	46	1	2	1	2000
110	8	34	4	4	0	2000	201	580	NoChange	3	2	1	2000
110	8	35	4	4	0	2000	212	969	NoChange	4	4	0	2000
110	8	36	1	4	1	2000	202	733	1391	4	4	0	2000
110	8	37	1	2	1	2000	202	1155	1394	1	4	1	2000
110	8	38	3	6	1	2000	202	1313	47	1	2	1	2000
110	8	39	2	4	0	2000	201	1008	NoChange	3	6	1	2000
110	8	40	3	4	1	2000	202	595	48	2	4	0	2000
110	8	41	1	6	1	2000	202	767	1413	3	4	1	2000
110	8	42	2	6	0	2000	212	860	NoChange	1	6	1	2000
110	8	43	2	4	1	2000	202	661	47	2	6	0	2000
110	8	44	2	2	1	2000	202	838	48	2	4	1	2000
110	8	45	1	4	1	2000	202	672	1428	2	2	1	2000
110	8	46	1	4	0	2000	201	1120	NoChange	1	4	1	2000
110	8	47	1	6	0	2000	201	719	NoChange	1	4	0	2000
110	8	48	3	2	0	2000	201	885	NoChange	1	6	0	2000
110	9	1	2	6	1	2000	202	1387	49	0	0	0	
110	9	2	4	2	0	2000	201	735	NoChange	2	6	1	2000
110	9	3	1	4	0	2000	201	549	NoChange	4	2	0	2000
110	9	4	3	2	1	2000	202	642	49	1	4	0	2000
110	9	5	3	2	1	2000	211	692	50	3	2	1	2000
110	9	6	4	6	0	2000	212	908	NoChange	3	2	1	2000
110	9	7	1	2	0	2000	201	1235	NoChange	4	6	0	2000
110	9	8	1	2	1	2000	202	613	1464	1	2	0	2000
110	9	9	3	6	1	2000	211	968	51	1	2	1	2000
110	9	10	4	4	0	2000	201	677	NoChange	3	6	1	2000
110	9	11	2	4	1	2000	211	1413	50	4	4	0	2000
110	9	12	3	6	0	2000	212	841	NoChange	2	4	1	2000
110	9	13	2	2	1	2000	202	1642	51	3	6	0	2000
110	9	14	1	4	1	2000	202	589	1488	2	2	1	2000
110	9	15	3	4	1	2000	202	560	52	1	4	1	2000
110	9	16	2	6	0	2000	201	670	NoChange	3	4	1	2000
110	9	17	2	4	0	2000	201	430	NoChange	2	6	0	2000
110	9	18	1	6	0	2000	201	680	NoChange	2	4	0	2000
110	9	19	2	4	0	2000	201	569	NoChange	1	6	0	2000
110	9	20	4	4	1	2000	202	981	49	2	4	0	2000
110	9	21	2	6	0	2000	201	594	NoChange	4	4	1	2000
110	9	22	1	6	1	2000	202	758	1527	2	6	0	2000
110	9	23	3	4	0	2000	201	1155	NoChange	1	6	1	2000
110	9	24	3	4	1	2000	211	744	53	3	4	0	2000
110	9	25	3	2	0	2000	201	1334	NoChange	3	4	1	2000
110	9	26	3	6	1	2000	211	876	54	3	2	0	2000
110	9	27	2	2	0	2000	201	629	NoChange	3	6	1	2000
110	9	28	1	6	0	2000	201	591	NoChange	2	2	0	2000
110	9	29	1	6	1	2000	211	1027	1556	1	6	0	2000
110	9	30	4	2	0	2000	201	653	NoChange	1	6	1	2000
110	9	31	4	6	1	2000	202	487	50	4	2	0	2000
110	9	32	1	2	0	2000	201	726	NoChange	4	6	1	2000
110	9	33	4	4	0	2000	201	645	NoChange	1	2	0	2000
110	9	34	4	2	1	2000	202	543	51	4	4	0	2000
110	9	35	1	4	0	2000	201	732	NoChange	4	2	1	2000
110	9	36	3	4	0	2000	201	762	NoChange	1	4	0	2000
110	9	37	2	6	1	2000	211	727	52	3	4	0	2000
110	9	38	4	2	1	2000	202	542	52	2	6	1	2000
110	9	39	4	6	1	2000	211	1452	53	4	2	1	2000
110	9	40	3	6	0	2000	201	853	NoChange	4	6	1	2000
110	9	41	1	4	1	2000	202	798	1600	3	6	0	2000
110	9	42	1	2	1	2000	202	1097	1603	1	4	1	2000
110	9	43	2	2	1	2000	202	593	53	1	2	1	2000
110	9	44	2	4	1	2000	202	1941	54	2	2	1	2000
110	9	45	4	6	0	2000	201	643	NoChange	2	4	1	2000
110	9	46	4	4	1	2000	211	509	54	4	6	0	2000
110	9	47	2	2	0	2000	201	1580	NoChange	4	4	1	2000
110	9	48	3	2	0	2000	201	489	NoChange	2	2	0	2000
110	10	1	3	4	1	2000	202	599	55	0	0	0	
110	10	2	3	2	0	2000	201	826	NoChange	3	4	1	2000
110	10	3	3	2	1	2000	202	724	56	3	2	0	2000
110	10	4	1	4	1	2000	202	819	1631	3	2	1	2000
110	10	5	3	4	1	2000	202	629	57	1	4	1	2000
110	10	6	4	2	0	2000	201	584	NoChange	3	4	1	2000
110	10	7	1	2	1	2000	202	596	1639	4	2	0	2000
110	10	8	2	4	0	2000	201	487	NoChange	1	2	1	2000
110	10	9	4	4	0	2000	201	1359	NoChange	2	4	0	2000
110	10	10	1	2	0	2000	201	820	NoChange	4	4	0	2000
110	10	11	3	4	0	2000	201	415	NoChange	1	2	0	2000
110	10	12	4	6	0	2000	201	449	NoChange	3	4	0	2000
110	10	13	3	4	0	2000	201	530	NoChange	4	6	0	2000
110	10	14	2	2	1	2000	202	681	55	3	4	0	2000
110	10	15	2	6	1	2000	202	1633	56	2	2	1	2000
110	10	16	3	2	0	2000	201	1412	NoChange	2	6	1	2000
110	10	17	2	6	0	2000	201	615	NoChange	3	2	0	2000
110	10	18	1	6	0	2000	201	1889	NoChange	2	6	0	2000
110	10	19	3	6	1	2000	211	634	58	1	6	0	2000
110	10	20	1	2	0	2000	201	515	NoChange	3	6	1	2000
110	10	21	4	6	0	2000	201	930	NoChange	1	2	0	2000
110	10	22	3	6	0	2000	201	816	NoChange	4	6	0	2000
110	10	23	3	6	1	2000	211	595	59	3	6	0	2000
110	10	24	2	2	0	2000	201	615	NoChange	3	6	1	2000
110	10	25	2	2	0	2000	201	562	NoChange	2	2	0	2000
110	10	26	4	2	0	2000	201	479	NoChange	2	2	0	2000
110	10	27	4	4	1	2000	202	791	55	4	2	0	2000
110	10	28	1	6	0	2000	201	739	NoChange	4	4	1	2000
110	10	29	3	6	0	2000	201	657	NoChange	1	6	0	2000
110	10	30	1	6	1	2000	202	650	1735	3	6	0	2000
110	10	31	2	4	0	2000	201	683	NoChange	1	6	1	2000
110	10	32	2	6	0	2000	201	547	NoChange	2	4	0	2000
110	10	33	4	2	1	2000	202	617	56	2	6	0	2000
110	10	34	2	2	1	2000	211	715	57	4	2	1	2000
110	10	35	3	2	1	2000	202	818	60	2	2	1	2000
110	10	36	2	4	1	2000	202	652	58	3	2	1	2000
110	10	37	1	4	0	2000	201	589	NoChange	2	4	1	2000
110	10	38	1	4	0	2000	201	489	NoChange	1	4	0	2000
110	10	39	4	6	1	2000	202	1433	57	1	4	0	2000
110	10	40	4	2	1	2000	202	779	58	4	6	1	2000
110	10	41	1	6	1	2000	202	512	1772	4	2	1	2000
110	10	42	4	4	0	2000	201	951	NoChange	1	6	1	2000
110	10	43	2	4	1	2000	202	1180	59	4	4	0	2000
110	10	44	4	4	1	2000	202	545	59	2	4	1	2000
110	10	45	1	4	1	2000	202	566	1787	4	4	1	2000
110	10	46	2	6	1	2000	211	675	60	1	4	1	2000
110	10	47	4	6	1	2000	202	539	60	2	6	1	2000
110	10	48	1	2	1	2000	202	561	1800	4	6	1	2000
110	11	1	4	2	1	2000	202	761	61	0	0	0	
110	11	2	1	6	0	2000	212	1551	NoChange	4	2	1	2000
110	11	3	4	4	1	2000	202	788	62	1	6	0	2000
110	11	4	1	2	0	2000	201	632	NoChange	4	4	1	2000
110	11	5	2	6	0	2000	201	858	NoChange	1	2	0	2000
110	11	6	2	6	1	2000	211	619	61	2	6	0	2000
110	11	7	1	4	0	2000	201	525	NoChange	2	6	1	2000
110	11	8	4	2	0	2000	201	524	NoChange	1	4	0	2000
110	11	9	3	6	0	2000	212	722	NoChange	4	2	0	2000
110	11	10	2	4	0	2000	201	545	NoChange	3	6	0	2000
110	11	11	2	2	0	2000	201	399	NoChange	2	4	0	2000
110	11	12	4	6	0	2000	201	586	NoChange	2	2	0	2000
110	11	13	3	6	1	2000	211	653	61	4	6	0	2000
110	11	14	4	2	1	2000	202	598	63	3	6	1	2000
110	11	15	4	6	1	2000	202	834	64	4	2	1	2000
110	11	16	1	2	0	2000	201	563	NoChange	4	6	1	2000
110	11	17	1	6	0	2000	212	593	NoChange	1	2	0	2000
110	11	18	4	4	0	2000	201	652	NoChange	1	6	0	2000
110	11	19	3	2	0	2000	201	621	NoChange	4	4	0	2000
110	11	20	1	4	1	2000	202	536	1877	3	2	0	2000
110	11	21	3	2	1	2000	202	790	62	1	4	1	2000
110	11	22	1	4	0	2000	201	913	NoChange	3	2	1	2000
110	11	23	2	2	1	2000	202	905	62	1	4	0	2000
110	11	24	4	6	1	2000	202	768	65	2	2	1	2000
110	11	25	4	4	1	2000	202	652	66	4	6	1	2000
110	11	26	2	4	0	2000	201	870	NoChange	4	4	1	2000
110	11	27	3	4	1	2000	211	686	63	2	4	0	2000
110	11	28	1	4	1	2000	202	630	1903	3	4	1	2000
110	11	29	3	4	1	2000	211	824	64	1	4	1	2000
110	11	30	1	2	1	2000	202	611	1909	3	4	1	2000
110	11	31	2	4	1	2000	202	702	63	1	2	1	2000
110	11	32	1	2	1	2000	202	613	1915	2	4	1	2000
110	11	33	2	4	1	2000	202	1616	64	1	2	1	2000
110	11	34	3	6	1	2000	202	667	65	2	4	1	2000
110	11	35	2	6	0	2000	212	2204	NoChange	3	6	1	2000
110	11	36	3	4	0	2000	212	599	NoChange	2	6	0	2000
110	11	37	2	2	1	2000	202	818	65	3	4	0	2000
110	11	38	1	6	1	2000	211	1437	1941	2	2	1	2000
110	11	39	1	6	1	2000	202	1167	1948	1	6	1	2000
110	11	40	3	2	1	2000	202	1052	66	1	6	1	2000
110	11	41	4	2	0	2000	201	1077	NoChange	3	2	1	2000
110	11	42	3	6	0	2000	201	870	NoChange	4	2	0	2000
110	11	43	4	6	0	2000	201	1094	NoChange	3	6	0	2000
110	11	44	2	2	0	2000	201	470	NoChange	4	6	0	2000
110	11	45	3	4	0	2000	201	647	NoChange	2	2	0	2000
110	11	46	3	2	0	2000	201	648	NoChange	3	4	0	2000
110	11	47	2	6	1	2000	202	906	66	3	2	0	2000
110	11	48	4	4	0	2000	201	889	NoChange	2	6	1	2000
110	12	1	3	2	1	2000	202	875	67	0	0	0	
110	12	2	2	6	0	2000	201	692	NoChange	3	2	1	2000
110	12	3	1	6	1	2000	202	580	1994	2	6	0	2000
110	12	4	3	4	0	2000	212	1152	NoChange	1	6	1	2000
110	12	5	2	2	0	2000	201	725	NoChange	3	4	0	2000
110	12	6	2	4	1	2000	202	620	67	2	2	0	2000
110	12	7	2	2	0	2000	201	1150	NoChange	2	4	1	2000
110	12	8	1	6	0	2000	201	996	NoChange	2	2	0	2000
110	12	9	3	4	1	2000	202	600	68	1	6	0	2000
110	12	10	1	2	1	2000	202	595	2017	3	4	1	2000
110	12	11	2	4	1	2000	202	590	68	1	2	1	2000
110	12	12	4	4	0	2000	201	826	NoChange	2	4	1	2000
110	12	13	3	2	0	2000	201	589	NoChange	4	4	0	2000
110	12	14	3	6	1	2000	211	1121	69	3	2	0	2000
110	12	15	3	4	0	2000	201	847	NoChange	3	6	1	2000
110	12	16	1	2	1	2000	202	673	2038	3	4	0	2000
110	12	17	4	2	0	2000	201	945	NoChange	1	2	1	2000
110	12	18	2	4	0	2000	201	1191	NoChange	4	2	0	2000
110	12	19	4	6	1	2000	202	1091	67	2	4	0	2000
110	12	20	3	2	1	2000	202	1323	70	4	6	1	2000
110	12	21	4	4	1	2000	202	866	68	3	2	1	2000
110	12	22	3	4	1	2000	202	1963	71	4	4	1	2000
110	12	23	3	2	0	2000	201	640	NoChange	3	4	1	2000
110	12	24	3	6	1	2000	202	730	72	3	2	0	2000
110	12	25	4	4	1	2000	202	1833	69	3	6	1	2000
110	12	26	3	6	0	2000	201	739	NoChange	4	4	1	2000
110	12	27	4	6	0	2000	212	673	NoChange	3	6	0	2000
110	12	28	1	4	0	2000	201	745	NoChange	4	6	0	2000
110	12	29	1	6	0	2000	201	991	NoChange	1	4	0	2000
110	12	30	1	2	0	2000	201	1131	NoChange	1	6	0	2000
110	12	31	1	2	0	2000	201	466	NoChange	1	2	0	2000
110	12	32	4	6	0	2000	201	554	NoChange	1	2	0	2000
110	12	33	4	2	0	2000	201	983	NoChange	4	6	0	2000
110	12	34	4	6	1	2000	202	787	70	4	2	0	2000
110	12	35	3	6	0	2000	201	631	NoChange	4	6	1	2000
110	12	36	2	2	1	2000	211	897	69	3	6	0	2000
110	12	37	2	6	0	2000	201	1041	NoChange	2	2	1	2000
110	12	38	4	2	1	2000	202	763	71	2	6	0	2000
110	12	39	2	4	0	2000	212	1352	NoChange	4	2	1	2000
110	12	40	1	6	1	2000	211	806	2130	2	4	0	2000
110	12	41	1	4	1	2000	202	521	2135	1	6	1	2000
110	12	42	1	4	0	2000	201	655	NoChange	1	4	1	2000
110	12	43	2	2	1	2000	202	992	70	1	4	0	2000
110	12	44	4	4	0	2000	201	980	NoChange	2	2	1	2000
110	12	45	2	6	1	2000	202	569	71	4	4	0	2000
110	12	46	2	6	1	2000	202	613	72	2	6	1	2000
110	12	47	1	4	1	2000	202	720	2159	2	6	1	2000
110	12	48	4	2	1	2000	202	527	72	1	4	1	2000
