#subject	block	trial	condition	setsize	change	time	responses	time	Pic	prev_condition	prev_setsize	prev_change	prev_time
217	1	1	4	2	0	2000	201	1462	NoChange	0	0	0	
217	1	2	1	2	0	2000	201	1384	NoChange	4	2	0	2000
217	1	3	4	2	0	2000	201	1268	NoChange	1	2	0	2000
217	1	4	1	2	0	2000	201	1613	NoChange	4	2	0	2000
217	1	5	4	4	0	2000	212	1800	NoChange	1	2	0	2000
217	1	6	2	2	0	2000	201	1092	NoChange	4	4	0	2000
217	1	7	1	6	0	2000	201	1676	NoChange	2	2	0	2000
217	1	8	1	2	1	2000	202	1277	23	1	6	0	2000
217	1	9	2	6	1	2000	211	1749	1	1	2	1	2000
217	1	10	1	4	1	2000	202	1251	33	2	6	1	2000
217	1	11	3	2	1	2000	211	2412	1	1	4	1	2000
217	1	12	1	6	1	2000	202	1272	41	3	2	1	2000
217	1	13	2	2	0	2000	201	1073	NoChange	1	6	1	2000
217	1	14	3	6	1	2000	211	1721	2	2	2	0	2000
217	1	15	3	4	1	2000	202	1152	3	3	6	1	2000
217	1	16	1	4	1	2000	202	1206	56	3	4	1	2000
217	1	17	3	4	1	2000	202	1937	4	1	4	1	2000
217	1	18	3	2	0	2000	201	1391	NoChange	3	4	1	2000
217	1	19	2	2	1	2000	202	1283	2	3	2	0	2000
217	1	20	4	6	0	2000	212	1307	NoChange	2	2	1	2000
217	1	21	2	6	1	2000	202	1491	3	4	6	0	2000
217	1	22	4	2	1	2000	202	1291	1	2	6	1	2000
217	1	23	2	6	0	2000	212	1555	NoChange	4	2	1	2000
217	1	24	3	2	1	2000	202	1416	5	2	6	0	2000
217	1	25	4	2	1	2000	202	1035	2	3	2	1	2000
217	1	26	2	4	0	2000	201	1869	NoChange	4	2	1	2000
217	1	27	1	4	0	2000	212	1470	NoChange	2	4	0	2000
217	1	28	4	4	1	2000	202	1511	3	1	4	0	2000
217	1	29	4	6	1	2000	202	1342	4	4	4	1	2000
217	1	30	2	6	0	2000	201	1396	NoChange	4	6	1	2000
217	1	31	1	6	0	2000	212	1368	NoChange	2	6	0	2000
217	1	32	3	6	0	2000	201	1557	NoChange	1	6	0	2000
217	1	33	2	4	1	2000	202	1099	4	3	6	0	2000
217	1	34	4	6	0	2000	201	1210	NoChange	2	4	1	2000
217	1	35	1	2	1	2000	202	981	128	4	6	0	2000
217	1	36	4	4	1	2000	202	1602	5	1	2	1	2000
217	1	37	4	4	0	2000	212	1221	NoChange	4	4	1	2000
217	1	38	3	6	0	2000	212	1672	NoChange	4	4	0	2000
217	1	39	2	2	1	2000	202	1297	5	3	6	0	2000
217	1	40	1	4	0	2000	201	1665	NoChange	2	2	1	2000
217	1	41	3	6	1	2000	202	1370	6	1	4	0	2000
217	1	42	2	4	1	2000	202	1863	6	3	6	1	2000
217	1	43	3	2	0	2000	201	952	NoChange	2	4	1	2000
217	1	44	3	4	0	2000	201	1054	NoChange	3	2	0	2000
217	1	45	2	4	0	2000	201	1343	NoChange	3	4	0	2000
217	1	46	3	4	0	2000	201	1165	NoChange	2	4	0	2000
217	1	47	4	6	1	2000	202	1145	6	3	4	0	2000
217	1	48	1	6	1	2000	202	1343	180	4	6	1	2000
217	2	1	2	4	0	2000	212	1724	NoChange	0	0	0	
217	2	2	1	2	0	2000	201	1603	NoChange	2	4	0	2000
217	2	3	3	2	0	2000	201	1398	NoChange	1	2	0	2000
217	2	4	1	4	1	2000	202	1169	193	3	2	0	2000
217	2	5	1	4	0	2000	212	1790	NoChange	1	4	1	2000
217	2	6	2	2	1	2000	211	866	7	1	4	0	2000
217	2	7	2	6	1	2000	211	1363	8	2	2	1	2000
217	2	8	2	2	1	2000	202	1720	9	2	6	1	2000
217	2	9	4	4	0	2000	201	1135	NoChange	2	2	1	2000
217	2	10	3	2	1	2000	202	1429	7	4	4	0	2000
217	2	11	1	6	1	2000	202	1840	216	3	2	1	2000
217	2	12	3	6	0	2000	201	1906	NoChange	1	6	1	2000
217	2	13	2	4	1	2000	202	1346	10	3	6	0	2000
217	2	14	3	4	1	2000	211	1440	8	2	4	1	2000
217	2	15	2	2	0	2000	201	1386	NoChange	3	4	1	2000
217	2	16	4	4	0	2000	201	1262	NoChange	2	2	0	2000
217	2	17	2	6	0	2000	212	1503	NoChange	4	4	0	2000
217	2	18	3	6	1	2000	211	1279	9	2	6	0	2000
217	2	19	4	2	0	2000	201	2280	NoChange	3	6	1	2000
217	2	20	1	6	0	2000	201	1265	NoChange	4	2	0	2000
217	2	21	2	4	1	2000	211	1649	11	1	6	0	2000
217	2	22	1	2	1	2000	202	1091	259	2	4	1	2000
217	2	23	3	4	0	2000	201	1107	NoChange	1	2	1	2000
217	2	24	4	4	1	2000	202	1538	7	3	4	0	2000
217	2	25	3	2	0	2000	201	1352	NoChange	4	4	1	2000
217	2	26	3	4	1	2000	211	1110	10	3	2	0	2000
217	2	27	3	6	1	2000	211	1101	11	3	4	1	2000
217	2	28	1	4	0	2000	201	1556	NoChange	3	6	1	2000
217	2	29	2	6	0	2000	212	2338	NoChange	1	4	0	2000
217	2	30	1	6	0	2000	212	1592	NoChange	2	6	0	2000
217	2	31	1	4	1	2000	202	1268	297	1	6	0	2000
217	2	32	3	4	0	2000	201	1285	NoChange	1	4	1	2000
217	2	33	2	4	0	2000	212	2533	NoChange	3	4	0	2000
217	2	34	4	6	0	2000	201	1148	NoChange	2	4	0	2000
217	2	35	2	6	1	2000	202	1194	12	4	6	0	2000
217	2	36	3	2	1	2000	202	1342	12	2	6	1	2000
217	2	37	4	4	1	2000	202	1612	8	3	2	1	2000
217	2	38	4	6	0	2000	201	1103	NoChange	4	4	1	2000
217	2	39	4	6	1	2000	211	1543	9	4	6	0	2000
217	2	40	4	2	0	2000	201	1133	NoChange	4	6	1	2000
217	2	41	1	2	0	2000	201	827	NoChange	4	2	0	2000
217	2	42	3	6	0	2000	201	909	NoChange	1	2	0	2000
217	2	43	1	2	1	2000	202	1005	344	3	6	0	2000
217	2	44	4	2	1	2000	202	1224	10	1	2	1	2000
217	2	45	2	2	0	2000	201	1050	NoChange	4	2	1	2000
217	2	46	1	6	1	2000	202	1140	354	2	2	0	2000
217	2	47	4	6	1	2000	202	1106	11	1	6	1	2000
217	2	48	4	2	1	2000	202	1081	12	4	6	1	2000
217	3	1	1	6	1	2000	202	1124	367	0	0	0	
217	3	2	2	4	0	2000	212	1434	NoChange	1	6	1	2000
217	3	3	3	4	0	2000	201	877	NoChange	2	4	0	2000
217	3	4	2	4	0	2000	201	1405	NoChange	3	4	0	2000
217	3	5	3	2	0	2000	201	665	NoChange	2	4	0	2000
217	3	6	4	4	1	2000	202	1154	13	3	2	0	2000
217	3	7	2	4	1	2000	211	1519	13	4	4	1	2000
217	3	8	2	2	1	2000	211	1022	14	2	4	1	2000
217	3	9	4	2	1	2000	202	1168	14	2	2	1	2000
217	3	10	3	2	0	2000	201	901	NoChange	4	2	1	2000
217	3	11	1	2	1	2000	202	988	394	3	2	0	2000
217	3	12	3	6	1	2000	202	1160	13	1	2	1	2000
217	3	13	1	4	0	2000	201	830	NoChange	3	6	1	2000
217	3	14	4	4	0	2000	201	1688	NoChange	1	4	0	2000
217	3	15	1	6	1	2000	202	1192	414	4	4	0	2000
217	3	16	1	2	0	2000	201	1068	NoChange	1	6	1	2000
217	3	17	3	6	0	2000	201	693	NoChange	1	2	0	2000
217	3	18	4	2	0	2000	201	1589	NoChange	3	6	0	2000
217	3	19	2	2	1	2000	202	1369	15	4	2	0	2000
217	3	20	4	4	1	2000	202	1406	15	2	2	1	2000
217	3	21	2	6	0	2000	212	1377	NoChange	4	4	1	2000
217	3	22	3	6	1	2000	202	1318	14	2	6	0	2000
217	3	23	1	4	0	2000	201	757	NoChange	3	6	1	2000
217	3	24	3	2	1	2000	211	1058	15	1	4	0	2000
217	3	25	1	2	0	2000	201	755	NoChange	3	2	1	2000
217	3	26	4	4	0	2000	212	1976	NoChange	1	2	0	2000
217	3	27	3	2	1	2000	202	1637	16	4	4	0	2000
217	3	28	4	2	0	2000	201	1047	NoChange	3	2	1	2000
217	3	29	3	6	0	2000	201	1409	NoChange	4	2	0	2000
217	3	30	3	4	0	2000	201	1125	NoChange	3	6	0	2000
217	3	31	1	4	1	2000	202	947	468	3	4	0	2000
217	3	32	2	6	0	2000	201	1569	NoChange	1	4	1	2000
217	3	33	4	6	1	2000	202	1326	16	2	6	0	2000
217	3	34	4	6	0	2000	201	1141	NoChange	4	6	1	2000
217	3	35	3	4	1	2000	211	1731	17	4	6	0	2000
217	3	36	2	2	0	2000	201	850	NoChange	3	4	1	2000
217	3	37	4	6	1	2000	202	1283	17	2	2	0	2000
217	3	38	2	6	1	2000	211	1075	16	4	6	1	2000
217	3	39	1	4	1	2000	211	1356	505	2	6	1	2000
217	3	40	3	4	1	2000	211	1377	18	1	4	1	2000
217	3	41	2	6	1	2000	202	1542	17	3	4	1	2000
217	3	42	2	4	1	2000	202	988	18	2	6	1	2000
217	3	43	1	6	0	2000	201	920	NoChange	2	4	1	2000
217	3	44	4	6	0	2000	201	1366	NoChange	1	6	0	2000
217	3	45	2	2	0	2000	201	1219	NoChange	4	6	0	2000
217	3	46	4	2	1	2000	202	958	18	2	2	0	2000
217	3	47	1	6	0	2000	201	1011	NoChange	4	2	1	2000
217	3	48	1	2	1	2000	202	1006	540	1	6	0	2000
217	4	1	4	2	0	2000	201	1000	NoChange	0	0	0	
217	4	2	3	2	1	2000	202	1308	19	4	2	0	2000
217	4	3	2	6	0	2000	201	1411	NoChange	3	2	1	2000
217	4	4	2	2	0	2000	201	1150	NoChange	2	6	0	2000
217	4	5	3	6	0	2000	201	772	NoChange	2	2	0	2000
217	4	6	1	4	0	2000	201	696	NoChange	3	6	0	2000
217	4	7	1	4	1	2000	202	984	566	1	4	0	2000
217	4	8	3	4	0	2000	201	1116	NoChange	1	4	1	2000
217	4	9	4	4	1	2000	202	955	19	3	4	0	2000
217	4	10	4	6	1	2000	202	936	20	4	4	1	2000
217	4	11	4	6	0	2000	212	2430	NoChange	4	6	1	2000
217	4	12	3	6	0	2000	201	1377	NoChange	4	6	0	2000
217	4	13	1	6	1	2000	202	1430	597	3	6	0	2000
217	4	14	2	4	1	2000	202	1008	19	1	6	1	2000
217	4	15	1	6	0	2000	212	1220	NoChange	2	4	1	2000
217	4	16	1	2	1	2000	202	1014	609	1	6	0	2000
217	4	17	4	2	1	2000	202	802	21	1	2	1	2000
217	4	18	2	6	1	2000	202	1525	20	4	2	1	2000
217	4	19	3	4	1	2000	202	1204	20	2	6	1	2000
217	4	20	2	4	0	2000	201	1159	NoChange	3	4	1	2000
217	4	21	4	4	0	2000	201	716	NoChange	2	4	0	2000
217	4	22	3	2	0	2000	201	1123	NoChange	4	4	0	2000
217	4	23	2	6	1	2000	211	1129	21	3	2	0	2000
217	4	24	3	4	0	2000	201	640	NoChange	2	6	1	2000
217	4	25	1	4	0	2000	201	1098	NoChange	3	4	0	2000
217	4	26	4	4	0	2000	201	762	NoChange	1	4	0	2000
217	4	27	2	2	1	2000	202	1127	22	4	4	0	2000
217	4	28	1	2	0	2000	201	1134	NoChange	2	2	1	2000
217	4	29	1	2	0	2000	201	812	NoChange	1	2	0	2000
217	4	30	4	2	0	2000	212	1599	NoChange	1	2	0	2000
217	4	31	1	2	1	2000	202	1490	655	4	2	0	2000
217	4	32	2	2	0	2000	201	778	NoChange	1	2	1	2000
217	4	33	2	2	1	2000	211	1007	23	2	2	0	2000
217	4	34	4	2	1	2000	202	938	22	2	2	1	2000
217	4	35	4	6	0	2000	201	1192	NoChange	4	2	1	2000
217	4	36	4	6	1	2000	202	1148	23	4	6	0	2000
217	4	37	2	6	0	2000	201	1010	NoChange	4	6	1	2000
217	4	38	1	6	0	2000	212	1213	NoChange	2	6	0	2000
217	4	39	3	2	0	2000	201	920	NoChange	1	6	0	2000
217	4	40	1	4	1	2000	202	1047	689	3	2	0	2000
217	4	41	4	4	1	2000	202	1545	24	1	4	1	2000
217	4	42	3	2	1	2000	202	1175	21	4	4	1	2000
217	4	43	3	6	1	2000	202	891	22	3	2	1	2000
217	4	44	3	4	1	2000	211	1451	23	3	6	1	2000
217	4	45	3	6	1	2000	202	1181	24	3	4	1	2000
217	4	46	2	4	1	2000	202	1017	24	3	6	1	2000
217	4	47	1	6	1	2000	202	1260	716	2	4	1	2000
217	4	48	2	4	0	2000	201	2085	NoChange	1	6	1	2000
217	5	1	2	2	1	2000	211	1692	25	0	0	0	
217	5	2	3	2	1	2000	211	1268	25	2	2	1	2000
217	5	3	1	4	1	2000	202	1197	727	3	2	1	2000
217	5	4	2	4	1	2000	211	1681	26	1	4	1	2000
217	5	5	1	2	0	2000	201	1145	NoChange	2	4	1	2000
217	5	6	3	2	0	2000	201	1047	NoChange	1	2	0	2000
217	5	7	2	2	0	2000	201	1081	NoChange	3	2	0	2000
217	5	8	4	6	0	2000	201	930	NoChange	2	2	0	2000
217	5	9	1	2	1	2000	202	904	745	4	6	0	2000
217	5	10	1	6	0	2000	201	1352	NoChange	1	2	1	2000
217	5	11	1	2	1	2000	202	789	754	1	6	0	2000
217	5	12	2	6	1	2000	211	1177	27	1	2	1	2000
217	5	13	2	2	1	2000	202	1158	28	2	6	1	2000
217	5	14	4	6	1	2000	202	1203	25	2	2	1	2000
217	5	15	1	2	0	2000	201	1110	NoChange	4	6	1	2000
217	5	16	2	4	0	2000	201	1510	NoChange	1	2	0	2000
217	5	17	1	6	0	2000	201	1293	NoChange	2	4	0	2000
217	5	18	2	6	0	2000	201	1109	NoChange	1	6	0	2000
217	5	19	4	4	0	2000	212	1092	NoChange	2	6	0	2000
217	5	20	2	4	1	2000	211	1500	29	4	4	0	2000
217	5	21	1	4	0	2000	212	1716	NoChange	2	4	1	2000
217	5	22	3	4	1	2000	211	1651	26	1	4	0	2000
217	5	23	3	4	1	2000	202	1148	27	3	4	1	2000
217	5	24	3	4	0	2000	212	1450	NoChange	3	4	1	2000
217	5	25	4	2	0	2000	201	1187	NoChange	3	4	0	2000
217	5	26	3	4	0	2000	201	2039	NoChange	4	2	0	2000
217	5	27	1	4	1	2000	202	1041	815	3	4	0	2000
217	5	28	2	6	1	2000	211	1203	30	1	4	1	2000
217	5	29	4	2	1	2000	202	1383	26	2	6	1	2000
217	5	30	4	4	0	2000	201	915	NoChange	4	2	1	2000
217	5	31	2	4	0	2000	212	1217	NoChange	4	4	0	2000
217	5	32	3	6	1	2000	211	1092	28	2	4	0	2000
217	5	33	4	6	0	2000	212	2028	NoChange	3	6	1	2000
217	5	34	3	6	0	2000	201	1279	NoChange	4	6	0	2000
217	5	35	4	6	1	2000	202	1072	27	3	6	0	2000
217	5	36	4	4	1	2000	202	1112	28	4	6	1	2000
217	5	37	4	2	1	2000	202	1000	29	4	4	1	2000
217	5	38	1	6	1	2000	202	1283	862	4	2	1	2000
217	5	39	1	6	1	2000	202	763	869	1	6	1	2000
217	5	40	3	6	1	2000	202	1584	29	1	6	1	2000
217	5	41	4	2	0	2000	201	724	NoChange	3	6	1	2000
217	5	42	2	2	0	2000	201	891	NoChange	4	2	0	2000
217	5	43	3	6	0	2000	201	779	NoChange	2	2	0	2000
217	5	44	2	6	0	2000	201	1543	NoChange	3	6	0	2000
217	5	45	4	4	1	2000	202	853	30	2	6	0	2000
217	5	46	1	4	0	2000	201	1127	NoChange	4	4	1	2000
217	5	47	3	2	0	2000	201	829	NoChange	1	4	0	2000
217	5	48	3	2	1	2000	202	1064	30	3	2	0	2000
217	6	1	2	4	1	2000	211	1719	31	0	0	0	
217	6	2	3	6	1	2000	202	1237	31	2	4	1	2000
217	6	3	4	6	0	2000	201	951	NoChange	3	6	1	2000
217	6	4	4	4	1	2000	202	909	31	4	6	0	2000
217	6	5	2	6	0	2000	201	1268	NoChange	4	4	1	2000
217	6	6	4	6	1	2000	211	1133	32	2	6	0	2000
217	6	7	1	4	0	2000	201	803	NoChange	4	6	1	2000
217	6	8	1	2	1	2000	202	702	935	1	4	0	2000
217	6	9	4	4	1	2000	202	1125	33	1	2	1	2000
217	6	10	3	6	0	2000	212	1004	NoChange	4	4	1	2000
217	6	11	4	6	1	2000	202	1039	34	3	6	0	2000
217	6	12	4	2	0	2000	201	913	NoChange	4	6	1	2000
217	6	13	4	4	0	2000	201	1952	NoChange	4	2	0	2000
217	6	14	2	2	0	2000	201	974	NoChange	4	4	0	2000
217	6	15	1	6	1	2000	202	874	964	2	2	0	2000
217	6	16	1	4	1	2000	202	1419	969	1	6	1	2000
217	6	17	2	4	0	2000	201	1318	NoChange	1	4	1	2000
217	6	18	3	2	1	2000	211	836	32	2	4	0	2000
217	6	19	3	2	0	2000	201	1510	NoChange	3	2	1	2000
217	6	20	1	2	0	2000	201	846	NoChange	3	2	0	2000
217	6	21	1	6	0	2000	212	920	NoChange	1	2	0	2000
217	6	22	1	2	0	2000	201	1150	NoChange	1	6	0	2000
217	6	23	3	2	0	2000	212	1275	NoChange	1	2	0	2000
217	6	24	4	2	1	2000	202	724	35	3	2	0	2000
217	6	25	2	6	1	2000	202	947	32	4	2	1	2000
217	6	26	2	2	1	2000	202	808	33	2	6	1	2000
217	6	27	4	2	0	2000	201	940	NoChange	2	2	1	2000
217	6	28	3	6	1	2000	211	866	33	4	2	0	2000
217	6	29	3	4	1	2000	202	1562	34	3	6	1	2000
217	6	30	1	6	1	2000	202	920	1012	3	4	1	2000
217	6	31	3	4	0	2000	201	1806	NoChange	1	6	1	2000
217	6	32	1	2	1	2000	202	922	1019	3	4	0	2000
217	6	33	1	4	1	2000	202	936	1024	1	2	1	2000
217	6	34	1	4	0	2000	201	1726	NoChange	1	4	1	2000
217	6	35	2	2	1	2000	211	917	34	1	4	0	2000
217	6	36	3	2	1	2000	202	1356	35	2	2	1	2000
217	6	37	3	6	0	2000	201	1513	NoChange	3	2	1	2000
217	6	38	1	6	0	2000	201	897	NoChange	3	6	0	2000
217	6	39	4	4	0	2000	201	1016	NoChange	1	6	0	2000
217	6	40	2	4	1	2000	202	1643	35	4	4	0	2000
217	6	41	3	4	1	2000	202	1117	36	2	4	1	2000
217	6	42	2	2	0	2000	201	852	NoChange	3	4	1	2000
217	6	43	4	2	1	2000	202	1149	36	2	2	0	2000
217	6	44	2	4	0	2000	201	1026	NoChange	4	2	1	2000
217	6	45	2	6	1	2000	202	973	36	2	4	0	2000
217	6	46	2	6	0	2000	201	1370	NoChange	2	6	1	2000
217	6	47	3	4	0	2000	201	766	NoChange	2	6	0	2000
217	6	48	4	6	0	2000	201	1299	NoChange	3	4	0	2000
217	7	1	1	4	1	2000	202	999	1085	0	0	0	
217	7	2	4	2	0	2000	201	1202	NoChange	1	4	1	2000
217	7	3	1	6	1	2000	202	645	1094	4	2	0	2000
217	7	4	1	4	0	2000	201	951	NoChange	1	6	1	2000
217	7	5	4	2	1	2000	202	1077	37	1	4	0	2000
217	7	6	4	6	1	2000	202	1389	38	4	2	1	2000
217	7	7	1	6	0	2000	201	1057	NoChange	4	6	1	2000
217	7	8	1	2	0	2000	201	970	NoChange	1	6	0	2000
217	7	9	4	2	0	2000	201	583	NoChange	1	2	0	2000
217	7	10	3	4	1	2000	202	1115	37	4	2	0	2000
217	7	11	4	6	1	2000	202	1386	39	3	4	1	2000
217	7	12	1	2	1	2000	202	806	1125	4	6	1	2000
217	7	13	2	6	1	2000	202	825	37	1	2	1	2000
217	7	14	4	2	1	2000	202	683	40	2	6	1	2000
217	7	15	3	4	1	2000	202	1155	38	4	2	1	2000
217	7	16	4	6	0	2000	201	1000	NoChange	3	4	1	2000
217	7	17	4	4	0	2000	201	1348	NoChange	4	6	0	2000
217	7	18	3	2	1	2000	202	882	39	4	4	0	2000
217	7	19	3	2	0	2000	201	698	NoChange	3	2	1	2000
217	7	20	2	2	0	2000	201	785	NoChange	3	2	0	2000
217	7	21	3	6	1	2000	202	1029	40	2	2	0	2000
217	7	22	1	4	1	2000	202	1048	1159	3	6	1	2000
217	7	23	2	2	1	2000	202	1178	38	1	4	1	2000
217	7	24	2	4	1	2000	211	639	39	2	2	1	2000
217	7	25	3	2	0	2000	201	1480	NoChange	2	4	1	2000
217	7	26	1	2	0	2000	201	705	NoChange	3	2	0	2000
217	7	27	3	2	1	2000	202	1264	41	1	2	0	2000
217	7	28	2	4	0	2000	201	1298	NoChange	3	2	1	2000
217	7	29	4	6	0	2000	201	746	NoChange	2	4	0	2000
217	7	30	2	6	0	2000	201	928	NoChange	4	6	0	2000
217	7	31	1	4	0	2000	201	878	NoChange	2	6	0	2000
217	7	32	1	6	0	2000	201	1479	NoChange	1	4	0	2000
217	7	33	1	6	1	2000	202	863	1201	1	6	0	2000
217	7	34	2	2	1	2000	211	1545	40	1	6	1	2000
217	7	35	4	4	0	2000	201	1423	NoChange	2	2	1	2000
217	7	36	4	4	1	2000	202	762	41	4	4	0	2000
217	7	37	2	6	1	2000	211	1359	41	4	4	1	2000
217	7	38	2	6	0	2000	212	1452	NoChange	2	6	1	2000
217	7	39	3	6	0	2000	212	1166	NoChange	2	6	0	2000
217	7	40	2	4	1	2000	211	1098	42	3	6	0	2000
217	7	41	2	4	0	2000	201	1642	NoChange	2	4	1	2000
217	7	42	3	6	1	2000	202	1516	42	2	4	0	2000
217	7	43	3	6	0	2000	212	1706	NoChange	3	6	1	2000
217	7	44	2	2	0	2000	201	2058	NoChange	3	6	0	2000
217	7	45	1	2	1	2000	202	1356	1249	2	2	0	2000
217	7	46	3	4	0	2000	201	961	NoChange	1	2	1	2000
217	7	47	4	4	1	2000	202	726	42	3	4	0	2000
217	7	48	3	4	0	2000	212	1605	NoChange	4	4	1	2000
217	8	1	4	2	0	2000	201	1016	NoChange	0	0	0	
217	8	2	1	4	0	2000	201	819	NoChange	4	2	0	2000
217	8	3	4	6	1	2000	202	1157	43	1	4	0	2000
217	8	4	3	4	1	2000	202	1267	43	4	6	1	2000
217	8	5	3	6	0	2000	201	867	NoChange	3	4	1	2000
217	8	6	3	2	1	2000	202	1044	44	3	6	0	2000
217	8	7	1	6	0	2000	201	1310	NoChange	3	2	1	2000
217	8	8	3	6	1	2000	202	1157	45	1	6	0	2000
217	8	9	3	4	0	2000	201	899	NoChange	3	6	1	2000
217	8	10	2	2	1	2000	202	826	43	3	4	0	2000
217	8	11	1	2	0	2000	201	844	NoChange	2	2	1	2000
217	8	12	2	6	1	2000	202	982	44	1	2	0	2000
217	8	13	3	4	0	2000	212	1218	NoChange	2	6	1	2000
217	8	14	3	2	0	2000	201	845	NoChange	3	4	0	2000
217	8	15	4	6	0	2000	201	863	NoChange	3	2	0	2000
217	8	16	4	6	0	2000	201	992	NoChange	4	6	0	2000
217	8	17	3	2	1	2000	202	1276	46	4	6	0	2000
217	8	18	2	4	0	2000	201	1053	NoChange	3	2	1	2000
217	8	19	4	4	0	2000	201	670	NoChange	2	4	0	2000
217	8	20	4	4	1	2000	202	790	44	4	4	0	2000
217	8	21	1	6	0	2000	212	818	NoChange	4	4	1	2000
217	8	22	2	2	0	2000	201	1093	NoChange	1	6	0	2000
217	8	23	2	6	0	2000	212	997	NoChange	2	2	0	2000
217	8	24	4	4	0	2000	201	889	NoChange	2	6	0	2000
217	8	25	2	2	1	2000	202	1209	45	4	4	0	2000
217	8	26	1	4	1	2000	202	956	1358	2	2	1	2000
217	8	27	3	4	1	2000	202	1113	47	1	4	1	2000
217	8	28	4	2	1	2000	202	768	45	3	4	1	2000
217	8	29	1	4	0	2000	201	1917	NoChange	4	2	1	2000
217	8	30	4	2	1	2000	202	724	46	1	4	0	2000
217	8	31	2	6	0	2000	212	1658	NoChange	4	2	1	2000
217	8	32	1	2	1	2000	202	828	1376	2	6	0	2000
217	8	33	2	6	1	2000	211	1038	46	1	2	1	2000
217	8	34	3	6	0	2000	201	1320	NoChange	2	6	1	2000
217	8	35	4	2	0	2000	201	591	NoChange	3	6	0	2000
217	8	36	3	6	1	2000	202	867	48	4	2	0	2000
217	8	37	1	2	0	2000	201	939	NoChange	3	6	1	2000
217	8	38	2	4	1	2000	211	1377	47	1	2	0	2000
217	8	39	1	2	1	2000	202	774	1402	2	4	1	2000
217	8	40	2	4	0	2000	212	1411	NoChange	1	2	1	2000
217	8	41	1	6	1	2000	202	1054	1413	2	4	0	2000
217	8	42	4	4	1	2000	202	855	47	1	6	1	2000
217	8	43	1	4	1	2000	202	849	1421	4	4	1	2000
217	8	44	2	4	1	2000	202	1562	48	1	4	1	2000
217	8	45	3	2	0	2000	201	1175	NoChange	2	4	1	2000
217	8	46	2	2	0	2000	201	1236	NoChange	3	2	0	2000
217	8	47	1	6	1	2000	202	990	1435	2	2	0	2000
217	8	48	4	6	1	2000	202	1106	48	1	6	1	2000
217	9	1	3	4	0	2000	201	1385	NoChange	0	0	0	
217	9	2	3	6	1	2000	202	845	49	3	4	0	2000
217	9	3	4	4	1	2000	211	1039	49	3	6	1	2000
217	9	4	2	4	0	2000	201	1385	NoChange	4	4	1	2000
217	9	5	4	4	0	2000	201	829	NoChange	2	4	0	2000
217	9	6	1	6	0	2000	201	1159	NoChange	4	4	0	2000
217	9	7	4	6	0	2000	201	885	NoChange	1	6	0	2000
217	9	8	2	2	1	2000	202	996	49	4	6	0	2000
217	9	9	4	2	1	2000	202	1088	50	2	2	1	2000
217	9	10	1	4	1	2000	202	904	1479	4	2	1	2000
217	9	11	4	6	1	2000	202	752	51	1	4	1	2000
217	9	12	2	6	0	2000	201	973	NoChange	4	6	1	2000
217	9	13	3	2	1	2000	202	921	50	2	6	0	2000
217	9	14	1	2	1	2000	202	648	1494	3	2	1	2000
217	9	15	2	6	1	2000	202	1514	50	1	2	1	2000
217	9	16	1	2	0	2000	201	1193	NoChange	2	6	1	2000
217	9	17	2	2	0	2000	201	1301	NoChange	1	2	0	2000
217	9	18	1	4	1	2000	202	733	1508	2	2	0	2000
217	9	19	1	2	0	2000	201	1362	NoChange	1	4	1	2000
217	9	20	4	4	0	2000	212	1024	NoChange	1	2	0	2000
217	9	21	2	4	1	2000	202	1482	51	4	4	0	2000
217	9	22	4	6	0	2000	201	1643	NoChange	2	4	1	2000
217	9	23	2	6	1	2000	202	1029	52	4	6	0	2000
217	9	24	2	2	0	2000	201	815	NoChange	2	6	1	2000
217	9	25	3	6	0	2000	201	818	NoChange	2	2	0	2000
217	9	26	3	6	0	2000	201	900	NoChange	3	6	0	2000
217	9	27	3	2	0	2000	201	748	NoChange	3	6	0	2000
217	9	28	2	2	1	2000	202	641	53	3	2	0	2000
217	9	29	2	4	1	2000	211	891	54	2	2	1	2000
217	9	30	1	6	0	2000	201	1051	NoChange	2	4	1	2000
217	9	31	4	2	1	2000	202	732	52	1	6	0	2000
217	9	32	3	2	1	2000	202	1090	51	4	2	1	2000
217	9	33	1	6	1	2000	202	914	1563	3	2	1	2000
217	9	34	3	4	1	2000	202	953	52	1	6	1	2000
217	9	35	4	2	0	2000	201	1207	NoChange	3	4	1	2000
217	9	36	3	4	0	2000	201	674	NoChange	4	2	0	2000
217	9	37	1	4	0	2000	201	1651	NoChange	3	4	0	2000
217	9	38	3	2	0	2000	201	796	NoChange	1	4	0	2000
217	9	39	3	4	1	2000	202	1120	53	3	2	0	2000
217	9	40	4	2	0	2000	201	1319	NoChange	3	4	1	2000
217	9	41	2	4	0	2000	201	805	NoChange	4	2	0	2000
217	9	42	4	4	1	2000	202	1632	53	2	4	0	2000
217	9	43	1	2	1	2000	202	1075	1593	4	4	1	2000
217	9	44	2	6	0	2000	201	835	NoChange	1	2	1	2000
217	9	45	1	4	0	2000	201	781	NoChange	2	6	0	2000
217	9	46	3	6	1	2000	211	1970	54	1	4	0	2000
217	9	47	4	6	1	2000	202	1615	54	3	6	1	2000
217	9	48	1	6	1	2000	202	1393	1620	4	6	1	2000
217	10	1	1	2	1	2000	202	697	1623	0	0	0	
217	10	2	1	2	0	2000	201	777	NoChange	1	2	1	2000
217	10	3	2	2	1	2000	211	557	55	1	2	0	2000
217	10	4	1	4	1	2000	202	994	1631	2	2	1	2000
217	10	5	4	6	1	2000	202	902	55	1	4	1	2000
217	10	6	4	4	0	2000	201	1510	NoChange	4	6	1	2000
217	10	7	2	4	0	2000	201	933	NoChange	4	4	0	2000
217	10	8	2	6	1	2000	202	1067	56	2	4	0	2000
217	10	9	3	6	0	2000	201	1156	NoChange	2	6	1	2000
217	10	10	2	4	1	2000	202	993	57	3	6	0	2000
217	10	11	2	6	1	2000	211	1069	58	2	4	1	2000
217	10	12	1	2	1	2000	202	646	1666	2	6	1	2000
217	10	13	2	2	0	2000	201	647	NoChange	1	2	1	2000
217	10	14	2	2	1	2000	202	1105	59	2	2	0	2000
217	10	15	4	6	0	2000	201	1328	NoChange	2	2	1	2000
217	10	16	1	6	0	2000	201	695	NoChange	4	6	0	2000
217	10	17	3	4	1	2000	202	1415	55	1	6	0	2000
217	10	18	1	4	0	2000	201	770	NoChange	3	4	1	2000
217	10	19	1	2	0	2000	201	878	NoChange	1	4	0	2000
217	10	20	3	6	1	2000	211	927	56	1	2	0	2000
217	10	21	4	2	1	2000	202	1061	56	3	6	1	2000
217	10	22	1	6	1	2000	202	959	1703	4	2	1	2000
217	10	23	3	2	0	2000	201	916	NoChange	1	6	1	2000
217	10	24	3	2	1	2000	211	1186	57	3	2	0	2000
217	10	25	3	6	0	2000	201	766	NoChange	3	2	1	2000
217	10	26	3	4	0	2000	201	1491	NoChange	3	6	0	2000
217	10	27	1	6	1	2000	211	1451	1723	3	4	0	2000
217	10	28	4	2	0	2000	201	820	NoChange	1	6	1	2000
217	10	29	2	6	0	2000	201	903	NoChange	4	2	0	2000
217	10	30	2	4	1	2000	202	958	60	2	6	0	2000
217	10	31	4	4	0	2000	201	1228	NoChange	2	4	1	2000
217	10	32	4	2	0	2000	201	910	NoChange	4	4	0	2000
217	10	33	2	2	0	2000	201	725	NoChange	4	2	0	2000
217	10	34	4	6	1	2000	202	1332	57	2	2	0	2000
217	10	35	4	2	1	2000	202	914	58	4	6	1	2000
217	10	36	3	2	1	2000	202	1049	58	4	2	1	2000
217	10	37	3	4	1	2000	211	962	59	3	2	1	2000
217	10	38	2	4	0	2000	201	632	NoChange	3	4	1	2000
217	10	39	1	4	1	2000	202	722	1761	2	4	0	2000
217	10	40	3	4	0	2000	201	640	NoChange	1	4	1	2000
217	10	41	4	6	0	2000	201	1042	NoChange	3	4	0	2000
217	10	42	4	4	1	2000	202	956	59	4	6	0	2000
217	10	43	4	4	1	2000	202	865	60	4	4	1	2000
217	10	44	3	6	1	2000	211	1234	60	4	4	1	2000
217	10	45	1	4	0	2000	201	1252	NoChange	3	6	1	2000
217	10	46	3	2	0	2000	201	565	NoChange	1	4	0	2000
217	10	47	1	6	0	2000	212	1577	NoChange	3	2	0	2000
217	10	48	2	6	0	2000	201	1214	NoChange	1	6	0	2000
217	11	1	1	2	1	2000	202	827	1803	0	0	0	
217	11	2	2	4	1	2000	202	1110	61	1	2	1	2000
217	11	3	2	2	0	2000	201	717	NoChange	2	4	1	2000
217	11	4	4	6	0	2000	201	820	NoChange	2	2	0	2000
217	11	5	1	6	0	2000	201	742	NoChange	4	6	0	2000
217	11	6	3	4	1	2000	211	772	61	1	6	0	2000
217	11	7	1	6	1	2000	202	1105	1830	3	4	1	2000
217	11	8	4	2	0	2000	201	656	NoChange	1	6	1	2000
217	11	9	2	4	1	2000	211	1169	62	4	2	0	2000
217	11	10	3	6	0	2000	212	918	NoChange	2	4	1	2000
217	11	11	4	2	0	2000	201	796	NoChange	3	6	0	2000
217	11	12	2	4	0	2000	201	792	NoChange	4	2	0	2000
217	11	13	3	2	1	2000	211	900	62	2	4	0	2000
217	11	14	1	4	1	2000	202	907	1853	3	2	1	2000
217	11	15	3	6	1	2000	202	979	63	1	4	1	2000
217	11	16	2	2	1	2000	202	1319	63	3	6	1	2000
217	11	17	1	6	0	2000	212	910	NoChange	2	2	1	2000
217	11	18	1	4	0	2000	212	2453	NoChange	1	6	0	2000
217	11	19	2	6	0	2000	201	1215	NoChange	1	4	0	2000
217	11	20	4	4	0	2000	201	458	NoChange	2	6	0	2000
217	11	21	1	4	0	2000	201	987	NoChange	4	4	0	2000
217	11	22	3	4	1	2000	202	1023	64	1	4	0	2000
217	11	23	1	2	0	2000	201	809	NoChange	3	4	1	2000
217	11	24	1	2	1	2000	202	1164	1891	1	2	0	2000
217	11	25	2	2	0	2000	201	546	NoChange	1	2	1	2000
217	11	26	4	4	1	2000	202	1119	61	2	2	0	2000
217	11	27	2	6	1	2000	211	1070	64	4	4	1	2000
217	11	28	4	2	1	2000	202	1047	62	2	6	1	2000
217	11	29	3	6	0	2000	201	697	NoChange	4	2	1	2000
217	11	30	4	6	1	2000	202	1433	63	3	6	0	2000
217	11	31	3	4	0	2000	201	659	NoChange	4	6	1	2000
217	11	32	3	2	0	2000	201	804	NoChange	3	4	0	2000
217	11	33	4	4	1	2000	202	639	64	3	2	0	2000
217	11	34	1	4	1	2000	202	993	1927	4	4	1	2000
217	11	35	3	4	0	2000	201	893	NoChange	1	4	1	2000
217	11	36	2	6	1	2000	211	1485	65	3	4	0	2000
217	11	37	3	2	0	2000	201	509	NoChange	2	6	1	2000
217	11	38	4	6	1	2000	202	1276	65	3	2	0	2000
217	11	39	2	4	0	2000	212	900	NoChange	4	6	1	2000
217	11	40	1	6	1	2000	202	1036	1954	2	4	0	2000
217	11	41	3	6	1	2000	202	1022	65	1	6	1	2000
217	11	42	3	2	1	2000	202	1200	66	3	6	1	2000
217	11	43	2	2	1	2000	211	620	66	3	2	1	2000
217	11	44	4	2	1	2000	202	1358	66	2	2	1	2000
217	11	45	4	6	0	2000	201	1651	NoChange	4	2	1	2000
217	11	46	4	4	0	2000	201	701	NoChange	4	6	0	2000
217	11	47	1	2	0	2000	201	892	NoChange	4	4	0	2000
217	11	48	2	6	0	2000	212	1172	NoChange	1	2	0	2000
217	12	1	3	2	1	2000	202	1346	67	0	0	0	
217	12	2	1	2	1	2000	202	960	1984	3	2	1	2000
217	12	3	2	4	0	2000	212	845	NoChange	1	2	1	2000
217	12	4	4	2	1	2000	202	807	67	2	4	0	2000
217	12	5	2	6	1	2000	202	738	67	4	2	1	2000
217	12	6	2	4	1	2000	202	1040	68	2	6	1	2000
217	12	7	1	4	0	2000	201	1514	NoChange	2	4	1	2000
217	12	8	3	2	0	2000	201	850	NoChange	1	4	0	2000
217	12	9	1	2	0	2000	201	643	NoChange	3	2	0	2000
217	12	10	3	4	0	2000	201	813	NoChange	1	2	0	2000
217	12	11	3	4	1	2000	211	856	68	3	4	0	2000
217	12	12	3	6	1	2000	211	793	69	3	4	1	2000
217	12	13	2	4	1	2000	211	629	69	3	6	1	2000
217	12	14	4	4	1	2000	202	1199	68	2	4	1	2000
217	12	15	3	4	1	2000	202	1075	70	4	4	1	2000
217	12	16	2	6	0	2000	212	947	NoChange	3	4	1	2000
217	12	17	4	4	0	2000	212	1081	NoChange	2	6	0	2000
217	12	18	3	4	0	2000	201	1290	NoChange	4	4	0	2000
217	12	19	4	6	0	2000	201	906	NoChange	3	4	0	2000
217	12	20	1	6	0	2000	201	753	NoChange	4	6	0	2000
217	12	21	2	6	1	2000	211	886	70	1	6	0	2000
217	12	22	1	2	1	2000	202	1022	2060	2	6	1	2000
217	12	23	4	2	0	2000	201	897	NoChange	1	2	1	2000
217	12	24	4	6	1	2000	202	849	69	4	2	0	2000
217	12	25	2	4	0	2000	212	1490	NoChange	4	6	1	2000
217	12	26	3	2	0	2000	201	834	NoChange	2	4	0	2000
217	12	27	4	4	0	2000	201	980	NoChange	3	2	0	2000
217	12	28	4	2	0	2000	201	736	NoChange	4	4	0	2000
217	12	29	3	6	0	2000	201	1094	NoChange	4	2	0	2000
217	12	30	1	6	0	2000	201	774	NoChange	3	6	0	2000
217	12	31	2	6	0	2000	212	1475	NoChange	1	6	0	2000
217	12	32	2	2	1	2000	211	900	71	2	6	0	2000
217	12	33	1	2	0	2000	201	747	NoChange	2	2	1	2000
217	12	34	2	2	0	2000	201	833	NoChange	1	2	0	2000
217	12	35	2	2	0	2000	201	770	NoChange	2	2	0	2000
217	12	36	1	4	1	2000	202	1095	2109	2	2	0	2000
217	12	37	4	2	1	2000	202	807	70	1	4	1	2000
217	12	38	4	6	0	2000	201	954	NoChange	4	2	1	2000
217	12	39	3	6	1	2000	211	1047	71	4	6	0	2000
217	12	40	4	6	1	2000	202	1185	71	3	6	1	2000
217	12	41	1	6	1	2000	202	781	2133	4	6	1	2000
217	12	42	4	4	1	2000	202	1082	72	1	6	1	2000
217	12	43	2	2	1	2000	211	850	72	4	4	1	2000
217	12	44	1	4	0	2000	212	979	NoChange	2	2	1	2000
217	12	45	1	4	1	2000	202	1016	2146	1	4	0	2000
217	12	46	3	6	0	2000	212	810	NoChange	1	4	1	2000
217	12	47	1	6	1	2000	202	781	2159	3	6	0	2000
217	12	48	3	2	1	2000	202	801	72	1	6	1	2000
