#subject	block	trial	condition	setsize	change	time	responses	time	Pic	prev_condition	prev_setsize	prev_change	prev_time
215	1	1	4	2	1	2000	202	1494	1	0	0	0	
215	1	2	4	4	0	2000	201	1247	NoChange	4	2	1	2000
215	1	3	2	4	0	2000	201	1225	NoChange	4	4	0	2000
215	1	4	2	2	0	2000	201	955	NoChange	2	4	0	2000
215	1	5	4	2	1	2000	202	1049	2	2	2	0	2000
215	1	6	4	6	1	2000	202	1042	3	4	2	1	2000
215	1	7	1	4	0	2000	201	1852	NoChange	4	6	1	2000
215	1	8	3	2	1	2000	202	1757	1	1	4	0	2000
215	1	9	2	4	1	2000	202	1187	1	3	2	1	2000
215	1	10	3	6	1	2000	202	2679	2	2	4	1	2000
215	1	11	1	4	1	2000	202	1248	35	3	6	1	2000
215	1	12	1	6	0	2000	212	1626	NoChange	1	4	1	2000
215	1	13	2	6	1	2000	211	1428	2	1	6	0	2000
215	1	14	1	2	0	2000	201	727	NoChange	2	6	1	2000
215	1	15	3	2	1	2000	211	1302	3	1	2	0	2000
215	1	16	1	6	0	2000	201	2413	NoChange	3	2	1	2000
215	1	17	3	4	1	2000	211	969	4	1	6	0	2000
215	1	18	4	2	0	2000	201	1037	NoChange	3	4	1	2000
215	1	19	1	2	1	2000	202	1103	63	4	2	0	2000
215	1	20	1	6	1	2000	202	991	70	1	2	1	2000
215	1	21	1	2	0	2000	201	1123	NoChange	1	6	1	2000
215	1	22	4	4	1	2000	202	1065	4	1	2	0	2000
215	1	23	3	4	0	2000	201	1538	NoChange	4	4	1	2000
215	1	24	3	4	1	2000	211	952	5	3	4	0	2000
215	1	25	3	2	0	2000	201	1341	NoChange	3	4	1	2000
215	1	26	3	4	0	2000	201	915	NoChange	3	2	0	2000
215	1	27	3	2	0	2000	201	1050	NoChange	3	4	0	2000
215	1	28	2	2	0	2000	201	643	NoChange	3	2	0	2000
215	1	29	4	6	1	2000	202	2037	5	2	2	0	2000
215	1	30	2	4	0	2000	201	1487	NoChange	4	6	1	2000
215	1	31	3	6	1	2000	202	1215	6	2	4	0	2000
215	1	32	2	6	1	2000	202	2306	3	3	6	1	2000
215	1	33	2	6	0	2000	201	1034	NoChange	2	6	1	2000
215	1	34	4	4	1	2000	202	2332	6	2	6	0	2000
215	1	35	1	4	1	2000	202	1106	125	4	4	1	2000
215	1	36	2	6	0	2000	201	858	NoChange	1	4	1	2000
215	1	37	2	2	1	2000	202	2915	4	2	6	0	2000
215	1	38	1	6	1	2000	202	1306	139	2	2	1	2000
215	1	39	4	6	0	2000	212	1066	NoChange	1	6	1	2000
215	1	40	4	6	0	2000	201	1002	NoChange	4	6	0	2000
215	1	41	4	2	0	2000	201	1605	NoChange	4	6	0	2000
215	1	42	1	4	0	2000	201	809	NoChange	4	2	0	2000
215	1	43	3	6	0	2000	201	1044	NoChange	1	4	0	2000
215	1	44	3	6	0	2000	212	1094	NoChange	3	6	0	2000
215	1	45	4	4	0	2000	201	1710	NoChange	3	6	0	2000
215	1	46	2	2	1	2000	202	1158	5	4	4	0	2000
215	1	47	2	4	1	2000	202	1107	6	2	2	1	2000
215	1	48	1	2	1	2000	202	778	180	2	4	1	2000
215	2	1	3	4	1	2000	202	2061	7	0	0	0	
215	2	2	3	2	1	2000	202	1447	8	3	4	1	2000
215	2	3	2	4	0	2000	201	1185	NoChange	3	2	1	2000
215	2	4	1	2	0	2000	201	661	NoChange	2	4	0	2000
215	2	5	2	2	0	2000	201	1318	NoChange	1	2	0	2000
215	2	6	4	4	0	2000	201	629	NoChange	2	2	0	2000
215	2	7	1	6	0	2000	201	1287	NoChange	4	4	0	2000
215	2	8	3	2	0	2000	201	695	NoChange	1	6	0	2000
215	2	9	2	2	1	2000	202	927	7	3	2	0	2000
215	2	10	4	6	1	2000	202	1054	7	2	2	1	2000
215	2	11	1	2	0	2000	201	855	NoChange	4	6	1	2000
215	2	12	2	4	1	2000	202	1792	8	1	2	0	2000
215	2	13	1	2	1	2000	202	948	218	2	4	1	2000
215	2	14	1	2	1	2000	202	770	221	1	2	1	2000
215	2	15	2	2	0	2000	201	670	NoChange	1	2	1	2000
215	2	16	3	2	0	2000	201	991	NoChange	2	2	0	2000
215	2	17	1	4	0	2000	201	1051	NoChange	3	2	0	2000
215	2	18	3	4	1	2000	211	868	9	1	4	0	2000
215	2	19	2	6	0	2000	201	1068	NoChange	3	4	1	2000
215	2	20	3	6	0	2000	212	1101	NoChange	2	6	0	2000
215	2	21	4	6	0	2000	212	1260	NoChange	3	6	0	2000
215	2	22	2	6	1	2000	202	822	9	4	6	0	2000
215	2	23	2	6	1	2000	211	1360	10	2	6	1	2000
215	2	24	3	6	1	2000	211	862	10	2	6	1	2000
215	2	25	4	2	1	2000	211	887	8	3	6	1	2000
215	2	26	4	2	1	2000	202	767	9	4	2	1	2000
215	2	27	3	6	1	2000	211	2195	11	4	2	1	2000
215	2	28	3	2	1	2000	202	880	12	3	6	1	2000
215	2	29	4	2	0	2000	201	1336	NoChange	3	2	1	2000
215	2	30	4	6	0	2000	201	1014	NoChange	4	2	0	2000
215	2	31	2	4	0	2000	212	2570	NoChange	4	6	0	2000
215	2	32	1	4	1	2000	202	847	290	2	4	0	2000
215	2	33	4	6	1	2000	202	849	10	1	4	1	2000
215	2	34	4	4	1	2000	202	1058	11	4	6	1	2000
215	2	35	1	6	1	2000	202	1139	305	4	4	1	2000
215	2	36	4	4	0	2000	201	1521	NoChange	1	6	1	2000
215	2	37	3	6	0	2000	212	1360	NoChange	4	4	0	2000
215	2	38	3	4	0	2000	201	1293	NoChange	3	6	0	2000
215	2	39	1	4	1	2000	202	829	324	3	4	0	2000
215	2	40	3	4	0	2000	201	864	NoChange	1	4	1	2000
215	2	41	2	2	1	2000	211	1089	11	3	4	0	2000
215	2	42	4	2	0	2000	201	937	NoChange	2	2	1	2000
215	2	43	2	6	0	2000	212	1679	NoChange	4	2	0	2000
215	2	44	1	6	1	2000	202	1056	344	2	6	0	2000
215	2	45	1	4	0	2000	201	1465	NoChange	1	6	1	2000
215	2	46	1	6	0	2000	201	1554	NoChange	1	4	0	2000
215	2	47	4	4	1	2000	202	759	12	1	6	0	2000
215	2	48	2	4	1	2000	211	1381	12	4	4	1	2000
215	3	1	1	2	1	2000	202	773	363	0	0	0	
215	3	2	3	4	0	2000	201	1242	NoChange	1	2	1	2000
215	3	3	4	6	0	2000	201	900	NoChange	3	4	0	2000
215	3	4	4	6	0	2000	201	1003	NoChange	4	6	0	2000
215	3	5	2	4	0	2000	201	654	NoChange	4	6	0	2000
215	3	6	3	4	0	2000	201	583	NoChange	2	4	0	2000
215	3	7	1	4	0	2000	201	715	NoChange	3	4	0	2000
215	3	8	3	6	1	2000	211	946	13	1	4	0	2000
215	3	9	1	2	0	2000	201	807	NoChange	3	6	1	2000
215	3	10	1	6	1	2000	211	923	405	1	2	0	2000
215	3	11	2	2	1	2000	202	1073	13	1	6	1	2000
215	3	12	4	4	1	2000	202	1322	13	2	2	1	2000
215	3	13	2	6	1	2000	211	880	14	4	4	1	2000
215	3	14	2	2	1	2000	211	913	15	2	6	1	2000
215	3	15	1	6	1	2000	202	1272	422	2	2	1	2000
215	3	16	4	2	0	2000	201	1449	NoChange	1	6	1	2000
215	3	17	3	2	1	2000	202	1226	14	4	2	0	2000
215	3	18	3	6	1	2000	202	1621	15	3	2	1	2000
215	3	19	3	6	0	2000	201	984	NoChange	3	6	1	2000
215	3	20	4	2	0	2000	201	700	NoChange	3	6	0	2000
215	3	21	1	2	0	2000	201	1043	NoChange	4	2	0	2000
215	3	22	1	4	0	2000	201	773	NoChange	1	2	0	2000
215	3	23	2	6	1	2000	211	2354	16	1	4	0	2000
215	3	24	2	2	0	2000	201	759	NoChange	2	6	1	2000
215	3	25	4	6	1	2000	211	877	14	2	2	0	2000
215	3	26	1	2	1	2000	202	733	459	4	6	1	2000
215	3	27	4	6	1	2000	211	1451	15	1	2	1	2000
215	3	28	1	4	1	2000	202	1348	469	4	6	1	2000
215	3	29	3	6	0	2000	201	1258	NoChange	1	4	1	2000
215	3	30	3	2	0	2000	201	1171	NoChange	3	6	0	2000
215	3	31	2	6	0	2000	201	800	NoChange	3	2	0	2000
215	3	32	2	4	0	2000	201	851	NoChange	2	6	0	2000
215	3	33	3	2	0	2000	201	1356	NoChange	2	4	0	2000
215	3	34	4	4	0	2000	201	650	NoChange	3	2	0	2000
215	3	35	2	2	0	2000	201	675	NoChange	4	4	0	2000
215	3	36	1	6	0	2000	201	835	NoChange	2	2	0	2000
215	3	37	3	4	1	2000	202	981	16	1	6	0	2000
215	3	38	2	4	1	2000	202	3010	17	3	4	1	2000
215	3	39	2	6	0	2000	201	1086	NoChange	2	4	1	2000
215	3	40	1	6	0	2000	201	1150	NoChange	2	6	0	2000
215	3	41	3	2	1	2000	202	1171	17	1	6	0	2000
215	3	42	1	4	1	2000	202	736	525	3	2	1	2000
215	3	43	3	4	1	2000	211	925	18	1	4	1	2000
215	3	44	2	4	1	2000	202	1132	18	3	4	1	2000
215	3	45	4	4	1	2000	211	1586	16	2	4	1	2000
215	3	46	4	4	0	2000	201	926	NoChange	4	4	1	2000
215	3	47	4	2	1	2000	202	853	17	4	4	0	2000
215	3	48	4	2	1	2000	202	902	18	4	2	1	2000
215	4	1	2	4	0	2000	201	1078	NoChange	0	0	0	
215	4	2	4	2	1	2000	202	1134	19	2	4	0	2000
215	4	3	3	2	1	2000	202	1044	19	4	2	1	2000
215	4	4	2	6	1	2000	211	958	19	3	2	1	2000
215	4	5	3	2	1	2000	202	1004	20	2	6	1	2000
215	4	6	4	2	1	2000	202	2191	20	3	2	1	2000
215	4	7	1	2	1	2000	202	979	556	4	2	1	2000
215	4	8	2	6	0	2000	201	1104	NoChange	1	2	1	2000
215	4	9	2	6	1	2000	211	1511	20	2	6	0	2000
215	4	10	1	6	1	2000	202	1295	574	2	6	1	2000
215	4	11	4	4	0	2000	201	927	NoChange	1	6	1	2000
215	4	12	3	6	1	2000	202	1821	21	4	4	0	2000
215	4	13	1	2	0	2000	201	832	NoChange	3	6	1	2000
215	4	14	4	2	0	2000	201	1042	NoChange	1	2	0	2000
215	4	15	1	6	0	2000	201	748	NoChange	4	2	0	2000
215	4	16	2	4	1	2000	202	1090	21	1	6	0	2000
215	4	17	1	6	1	2000	202	978	603	2	4	1	2000
215	4	18	3	2	0	2000	201	958	NoChange	1	6	1	2000
215	4	19	1	4	0	2000	201	1348	NoChange	3	2	0	2000
215	4	20	4	6	0	2000	201	922	NoChange	1	4	0	2000
215	4	21	1	6	0	2000	201	1448	NoChange	4	6	0	2000
215	4	22	1	2	0	2000	201	1098	NoChange	1	6	0	2000
215	4	23	2	2	1	2000	211	1026	22	1	2	0	2000
215	4	24	2	4	1	2000	202	1036	23	2	2	1	2000
215	4	25	3	6	0	2000	201	1070	NoChange	2	4	1	2000
215	4	26	1	4	0	2000	212	927	NoChange	3	6	0	2000
215	4	27	4	2	0	2000	201	1069	NoChange	1	4	0	2000
215	4	28	3	4	0	2000	201	814	NoChange	4	2	0	2000
215	4	29	1	4	1	2000	202	1041	648	3	4	0	2000
215	4	30	4	4	1	2000	211	1027	21	1	4	1	2000
215	4	31	3	6	0	2000	201	1446	NoChange	4	4	1	2000
215	4	32	3	4	1	2000	211	1120	22	3	6	0	2000
215	4	33	3	4	0	2000	201	1038	NoChange	3	4	1	2000
215	4	34	2	2	0	2000	201	896	NoChange	3	4	0	2000
215	4	35	1	4	1	2000	202	1472	671	2	2	0	2000
215	4	36	1	2	1	2000	202	849	674	1	4	1	2000
215	4	37	3	4	1	2000	202	986	23	1	2	1	2000
215	4	38	4	6	1	2000	211	902	22	3	4	1	2000
215	4	39	4	4	0	2000	201	781	NoChange	4	6	1	2000
215	4	40	2	6	0	2000	201	818	NoChange	4	4	0	2000
215	4	41	2	4	0	2000	201	1068	NoChange	2	6	0	2000
215	4	42	3	6	1	2000	202	1413	24	2	4	0	2000
215	4	43	2	2	1	2000	202	1177	24	3	6	1	2000
215	4	44	3	2	0	2000	201	789	NoChange	2	2	1	2000
215	4	45	2	2	0	2000	201	1249	NoChange	3	2	0	2000
215	4	46	4	6	0	2000	201	946	NoChange	2	2	0	2000
215	4	47	4	6	1	2000	202	840	23	4	6	0	2000
215	4	48	4	4	1	2000	202	730	24	4	6	1	2000
215	5	1	3	4	0	2000	201	1066	NoChange	0	0	0	
215	5	2	2	2	1	2000	202	1379	25	3	4	0	2000
215	5	3	4	6	1	2000	211	1127	25	2	2	1	2000
215	5	4	1	6	1	2000	202	958	737	4	6	1	2000
215	5	5	1	4	1	2000	202	867	742	1	6	1	2000
215	5	6	4	6	1	2000	202	1124	26	1	4	1	2000
215	5	7	2	4	1	2000	202	826	26	4	6	1	2000
215	5	8	3	2	1	2000	202	1165	25	2	4	1	2000
215	5	9	4	2	1	2000	202	890	27	3	2	1	2000
215	5	10	4	2	0	2000	201	922	NoChange	4	2	1	2000
215	5	11	4	2	1	2000	202	736	28	4	2	0	2000
215	5	12	3	6	1	2000	202	982	26	4	2	1	2000
215	5	13	3	2	0	2000	201	1282	NoChange	3	6	1	2000
215	5	14	4	4	0	2000	201	1210	NoChange	3	2	0	2000
215	5	15	3	6	0	2000	212	1077	NoChange	4	4	0	2000
215	5	16	2	6	1	2000	202	766	27	3	6	0	2000
215	5	17	3	4	0	2000	201	930	NoChange	2	6	1	2000
215	5	18	1	6	0	2000	201	817	NoChange	3	4	0	2000
215	5	19	2	4	1	2000	202	964	28	1	6	0	2000
215	5	20	2	6	0	2000	212	1017	NoChange	2	4	1	2000
215	5	21	1	6	0	2000	212	1803	NoChange	2	6	0	2000
215	5	22	1	2	0	2000	201	711	NoChange	1	6	0	2000
215	5	23	3	6	0	2000	201	662	NoChange	1	2	0	2000
215	5	24	1	4	1	2000	202	783	815	3	6	0	2000
215	5	25	3	2	0	2000	201	891	NoChange	1	4	1	2000
215	5	26	1	4	0	2000	201	1403	NoChange	3	2	0	2000
215	5	27	1	2	1	2000	202	638	824	1	4	0	2000
215	5	28	2	4	0	2000	201	656	NoChange	1	2	1	2000
215	5	29	4	6	0	2000	212	1377	NoChange	2	4	0	2000
215	5	30	1	2	0	2000	201	966	NoChange	4	6	0	2000
215	5	31	2	4	0	2000	201	803	NoChange	1	2	0	2000
215	5	32	1	2	1	2000	202	966	843	2	4	0	2000
215	5	33	3	4	1	2000	202	946	27	1	2	1	2000
215	5	34	1	6	1	2000	202	1800	853	3	4	1	2000
215	5	35	2	2	1	2000	202	724	29	1	6	1	2000
215	5	36	4	4	0	2000	201	962	NoChange	2	2	1	2000
215	5	37	2	6	1	2000	202	1224	30	4	4	0	2000
215	5	38	4	6	0	2000	212	1530	NoChange	2	6	1	2000
215	5	39	1	4	0	2000	201	1009	NoChange	4	6	0	2000
215	5	40	4	2	0	2000	212	1404	NoChange	1	4	0	2000
215	5	41	4	4	1	2000	202	1176	29	4	2	0	2000
215	5	42	3	2	1	2000	202	685	28	4	4	1	2000
215	5	43	2	6	0	2000	212	1100	NoChange	3	2	1	2000
215	5	44	3	4	1	2000	211	916	29	2	6	0	2000
215	5	45	4	4	1	2000	202	962	30	3	4	1	2000
215	5	46	2	2	0	2000	201	823	NoChange	4	4	1	2000
215	5	47	3	6	1	2000	211	1042	30	2	2	0	2000
215	5	48	2	2	0	2000	201	1108	NoChange	3	6	1	2000
215	6	1	1	6	1	2000	202	898	907	0	0	0	
215	6	2	2	2	0	2000	201	874	NoChange	1	6	1	2000
215	6	3	2	2	0	2000	201	626	NoChange	2	2	0	2000
215	6	4	1	2	0	2000	201	741	NoChange	2	2	0	2000
215	6	5	4	6	0	2000	201	610	NoChange	1	2	0	2000
215	6	6	4	4	0	2000	201	870	NoChange	4	6	0	2000
215	6	7	1	4	0	2000	212	1214	NoChange	4	4	0	2000
215	6	8	1	4	1	2000	202	874	932	1	4	0	2000
215	6	9	4	6	1	2000	211	1010	31	1	4	1	2000
215	6	10	4	2	1	2000	202	781	32	4	6	1	2000
215	6	11	3	6	1	2000	202	1282	31	4	2	1	2000
215	6	12	2	2	1	2000	202	898	31	3	6	1	2000
215	6	13	2	6	1	2000	202	682	32	2	2	1	2000
215	6	14	3	4	0	2000	201	1194	NoChange	2	6	1	2000
215	6	15	3	4	1	2000	211	1142	32	3	4	0	2000
215	6	16	2	4	1	2000	202	747	33	3	4	1	2000
215	6	17	2	2	1	2000	211	1217	34	2	4	1	2000
215	6	18	1	2	1	2000	202	996	963	2	2	1	2000
215	6	19	4	4	1	2000	202	1872	33	1	2	1	2000
215	6	20	1	6	0	2000	201	1729	NoChange	4	4	1	2000
215	6	21	3	2	0	2000	201	584	NoChange	1	6	0	2000
215	6	22	1	4	0	2000	201	868	NoChange	3	2	0	2000
215	6	23	4	4	0	2000	201	852	NoChange	1	4	0	2000
215	6	24	1	2	0	2000	201	629	NoChange	4	4	0	2000
215	6	25	2	6	0	2000	201	1936	NoChange	1	2	0	2000
215	6	26	3	6	1	2000	211	1510	33	2	6	0	2000
215	6	27	4	2	1	2000	202	990	34	3	6	1	2000
215	6	28	3	6	0	2000	212	1410	NoChange	4	2	1	2000
215	6	29	1	4	1	2000	202	877	1007	3	6	0	2000
215	6	30	4	2	0	2000	201	829	NoChange	1	4	1	2000
215	6	31	4	2	0	2000	201	720	NoChange	4	2	0	2000
215	6	32	3	4	0	2000	201	663	NoChange	4	2	0	2000
215	6	33	4	6	1	2000	211	1752	35	3	4	0	2000
215	6	34	2	6	0	2000	201	613	NoChange	4	6	1	2000
215	6	35	2	4	0	2000	201	792	NoChange	2	6	0	2000
215	6	36	1	2	1	2000	202	820	1033	2	4	0	2000
215	6	37	3	2	1	2000	202	655	34	1	2	1	2000
215	6	38	3	6	0	2000	212	1112	NoChange	3	2	1	2000
215	6	39	2	4	0	2000	201	767	NoChange	3	6	0	2000
215	6	40	1	6	1	2000	202	956	1051	2	4	0	2000
215	6	41	1	6	0	2000	212	1185	NoChange	1	6	1	2000
215	6	42	3	2	0	2000	201	629	NoChange	1	6	0	2000
215	6	43	3	2	1	2000	202	831	35	3	2	0	2000
215	6	44	2	4	1	2000	211	1802	35	3	2	1	2000
215	6	45	2	6	1	2000	202	1589	36	2	4	1	2000
215	6	46	4	4	1	2000	211	1226	36	2	6	1	2000
215	6	47	4	6	0	2000	201	852	NoChange	4	4	1	2000
215	6	48	3	4	1	2000	211	542	36	4	6	0	2000
215	7	1	1	2	0	2000	201	1134	NoChange	0	0	0	
215	7	2	3	6	0	2000	201	1092	NoChange	1	2	0	2000
215	7	3	3	2	0	2000	201	796	NoChange	3	6	0	2000
215	7	4	2	6	0	2000	201	1072	NoChange	3	2	0	2000
215	7	5	4	4	0	2000	201	904	NoChange	2	6	0	2000
215	7	6	3	6	1	2000	211	1015	37	4	4	0	2000
215	7	7	3	4	0	2000	201	970	NoChange	3	6	1	2000
215	7	8	4	4	1	2000	202	1191	37	3	4	0	2000
215	7	9	1	4	1	2000	211	643	1117	4	4	1	2000
215	7	10	2	2	1	2000	202	956	37	1	4	1	2000
215	7	11	1	6	0	2000	212	954	NoChange	2	2	1	2000
215	7	12	4	4	1	2000	202	1039	38	1	6	0	2000
215	7	13	1	4	0	2000	201	929	NoChange	4	4	1	2000
215	7	14	2	4	0	2000	201	1111	NoChange	1	4	0	2000
215	7	15	2	2	1	2000	202	991	38	2	4	0	2000
215	7	16	1	6	1	2000	202	1155	1143	2	2	1	2000
215	7	17	3	6	1	2000	211	816	38	1	6	1	2000
215	7	18	3	4	0	2000	201	1043	NoChange	3	6	1	2000
215	7	19	3	2	1	2000	211	1189	39	3	4	0	2000
215	7	20	3	4	1	2000	202	1025	40	3	2	1	2000
215	7	21	4	6	0	2000	201	1259	NoChange	3	4	1	2000
215	7	22	4	2	0	2000	201	748	NoChange	4	6	0	2000
215	7	23	3	2	1	2000	202	906	41	4	2	0	2000
215	7	24	2	6	0	2000	212	1913	NoChange	3	2	1	2000
215	7	25	4	2	1	2000	202	937	39	2	6	0	2000
215	7	26	3	6	0	2000	201	998	NoChange	4	2	1	2000
215	7	27	1	6	0	2000	201	794	NoChange	3	6	0	2000
215	7	28	1	2	1	2000	202	630	1187	1	6	0	2000
215	7	29	1	2	1	2000	202	672	1190	1	2	1	2000
215	7	30	3	4	1	2000	202	752	42	1	2	1	2000
215	7	31	4	4	0	2000	201	814	NoChange	3	4	1	2000
215	7	32	1	4	0	2000	201	1401	NoChange	4	4	0	2000
215	7	33	4	6	1	2000	211	828	40	1	4	0	2000
215	7	34	4	2	1	2000	202	807	41	4	6	1	2000
215	7	35	2	4	1	2000	202	1146	39	4	2	1	2000
215	7	36	1	6	1	2000	202	792	1217	2	4	1	2000
215	7	37	3	2	0	2000	201	1116	NoChange	1	6	1	2000
215	7	38	4	2	0	2000	201	978	NoChange	3	2	0	2000
215	7	39	1	2	0	2000	201	583	NoChange	4	2	0	2000
215	7	40	1	4	1	2000	202	867	1228	1	2	0	2000
215	7	41	2	6	1	2000	202	947	40	1	4	1	2000
215	7	42	2	2	0	2000	201	769	NoChange	2	6	1	2000
215	7	43	2	6	1	2000	202	950	41	2	2	0	2000
215	7	44	2	4	0	2000	201	651	NoChange	2	6	1	2000
215	7	45	4	6	0	2000	201	1164	NoChange	2	4	0	2000
215	7	46	2	2	0	2000	201	545	NoChange	4	6	0	2000
215	7	47	2	4	1	2000	202	919	42	2	2	0	2000
215	7	48	4	6	1	2000	211	1702	42	2	4	1	2000
215	8	1	1	4	0	2000	212	1039	NoChange	0	0	0	
215	8	2	3	2	0	2000	201	753	NoChange	1	4	0	2000
215	8	3	1	6	1	2000	202	734	1273	3	2	0	2000
215	8	4	1	2	0	2000	201	796	NoChange	1	6	1	2000
215	8	5	3	6	1	2000	202	672	43	1	2	0	2000
215	8	6	4	2	0	2000	201	640	NoChange	3	6	1	2000
215	8	7	2	6	1	2000	202	618	43	4	2	0	2000
215	8	8	3	6	0	2000	201	973	NoChange	2	6	1	2000
215	8	9	4	2	1	2000	202	649	43	3	6	0	2000
215	8	10	2	4	0	2000	201	802	NoChange	4	2	1	2000
215	8	11	1	6	0	2000	201	669	NoChange	2	4	0	2000
215	8	12	2	4	1	2000	211	1038	44	1	6	0	2000
215	8	13	1	2	1	2000	202	760	1310	2	4	1	2000
215	8	14	4	6	1	2000	211	1229	44	1	2	1	2000
215	8	15	2	2	1	2000	202	784	45	4	6	1	2000
215	8	16	1	4	0	2000	212	756	NoChange	2	2	1	2000
215	8	17	3	4	1	2000	202	625	44	1	4	0	2000
215	8	18	4	4	0	2000	212	1475	NoChange	3	4	1	2000
215	8	19	2	2	1	2000	211	1500	46	4	4	0	2000
215	8	20	1	2	0	2000	201	715	NoChange	2	2	1	2000
215	8	21	4	2	0	2000	201	626	NoChange	1	2	0	2000
215	8	22	4	4	1	2000	202	700	45	4	2	0	2000
215	8	23	3	2	1	2000	211	1251	45	4	4	1	2000
215	8	24	4	4	1	2000	202	597	46	3	2	1	2000
215	8	25	2	4	1	2000	211	721	47	4	4	1	2000
215	8	26	3	2	1	2000	211	1583	46	2	4	1	2000
215	8	27	2	4	0	2000	212	1627	NoChange	3	2	1	2000
215	8	28	2	2	0	2000	201	1070	NoChange	2	4	0	2000
215	8	29	1	2	1	2000	202	951	1352	2	2	0	2000
215	8	30	4	6	1	2000	202	1108	47	1	2	1	2000
215	8	31	3	6	0	2000	201	1491	NoChange	4	6	1	2000
215	8	32	1	4	1	2000	202	691	1368	3	6	0	2000
215	8	33	1	6	0	2000	212	1443	NoChange	1	4	1	2000
215	8	34	3	6	1	2000	202	1741	47	1	6	0	2000
215	8	35	4	2	1	2000	202	708	48	3	6	1	2000
215	8	36	3	4	0	2000	201	1011	NoChange	4	2	1	2000
215	8	37	3	2	0	2000	201	782	NoChange	3	4	0	2000
215	8	38	4	6	0	2000	201	570	NoChange	3	2	0	2000
215	8	39	1	4	1	2000	202	838	1397	4	6	0	2000
215	8	40	2	6	1	2000	202	1520	48	1	4	1	2000
215	8	41	3	4	1	2000	202	1559	48	2	6	1	2000
215	8	42	4	4	0	2000	201	1045	NoChange	3	4	1	2000
215	8	43	4	6	0	2000	201	982	NoChange	4	4	0	2000
215	8	44	2	6	0	2000	201	778	NoChange	4	6	0	2000
215	8	45	3	4	0	2000	201	543	NoChange	2	6	0	2000
215	8	46	2	2	0	2000	201	1053	NoChange	3	4	0	2000
215	8	47	2	6	0	2000	201	870	NoChange	2	2	0	2000
215	8	48	1	6	1	2000	202	934	1440	2	6	0	2000
215	9	1	4	4	0	2000	201	1200	NoChange	0	0	0	
215	9	2	1	6	1	2000	202	716	1451	4	4	0	2000
215	9	3	3	4	0	2000	201	722	NoChange	1	6	1	2000
215	9	4	4	6	1	2000	202	873	49	3	4	0	2000
215	9	5	4	4	1	2000	202	633	50	4	6	1	2000
215	9	6	1	4	0	2000	212	1203	NoChange	4	4	1	2000
215	9	7	1	2	1	2000	202	726	1470	1	4	0	2000
215	9	8	3	4	1	2000	211	989	49	1	2	1	2000
215	9	9	2	6	1	2000	202	889	49	3	4	1	2000
215	9	10	4	6	0	2000	201	881	NoChange	2	6	1	2000
215	9	11	2	6	0	2000	201	1537	NoChange	4	6	0	2000
215	9	12	3	2	0	2000	201	616	NoChange	2	6	0	2000
215	9	13	2	6	1	2000	211	874	50	3	2	0	2000
215	9	14	2	4	1	2000	202	1075	51	2	6	1	2000
215	9	15	4	2	1	2000	202	803	51	2	4	1	2000
215	9	16	4	2	1	2000	202	718	52	4	2	1	2000
215	9	17	2	4	0	2000	201	941	NoChange	4	2	1	2000
215	9	18	2	2	1	2000	202	803	52	2	4	0	2000
215	9	19	3	2	1	2000	211	646	50	2	2	1	2000
215	9	20	3	4	1	2000	211	696	51	3	2	1	2000
215	9	21	3	2	0	2000	201	727	NoChange	3	4	1	2000
215	9	22	2	2	0	2000	201	1774	NoChange	3	2	0	2000
215	9	23	3	6	1	2000	211	771	52	2	2	0	2000
215	9	24	1	2	1	2000	202	863	1523	3	6	1	2000
215	9	25	1	4	1	2000	202	745	1528	1	2	1	2000
215	9	26	1	6	0	2000	201	798	NoChange	1	4	1	2000
215	9	27	1	4	0	2000	212	1330	NoChange	1	6	0	2000
215	9	28	2	4	0	2000	201	1208	NoChange	1	4	0	2000
215	9	29	1	6	0	2000	201	1708	NoChange	2	4	0	2000
215	9	30	3	6	0	2000	201	915	NoChange	1	6	0	2000
215	9	31	3	4	0	2000	201	1098	NoChange	3	6	0	2000
215	9	32	2	6	0	2000	212	850	NoChange	3	4	0	2000
215	9	33	1	2	0	2000	201	803	NoChange	2	6	0	2000
215	9	34	4	2	0	2000	201	694	NoChange	1	2	0	2000
215	9	35	4	4	1	2000	211	1606	53	4	2	0	2000
215	9	36	2	4	1	2000	211	793	53	4	4	1	2000
215	9	37	3	6	1	2000	211	941	53	2	4	1	2000
215	9	38	4	2	0	2000	201	731	NoChange	3	6	1	2000
215	9	39	4	6	0	2000	201	722	NoChange	4	2	0	2000
215	9	40	4	6	1	2000	202	1280	54	4	6	0	2000
215	9	41	3	6	0	2000	201	897	NoChange	4	6	1	2000
215	9	42	1	6	1	2000	202	985	1605	3	6	0	2000
215	9	43	1	4	1	2000	202	637	1610	1	6	1	2000
215	9	44	2	2	1	2000	202	631	54	1	4	1	2000
215	9	45	1	2	0	2000	201	745	NoChange	2	2	1	2000
215	9	46	3	2	1	2000	211	1471	54	1	2	0	2000
215	9	47	2	2	0	2000	201	784	NoChange	3	2	1	2000
215	9	48	4	4	0	2000	201	747	NoChange	2	2	0	2000
215	10	1	3	2	1	2000	202	1450	55	0	0	0	
215	10	2	4	6	1	2000	202	1332	55	3	2	1	2000
215	10	3	1	6	1	2000	202	730	1633	4	6	1	2000
215	10	4	2	6	1	2000	211	1104	55	1	6	1	2000
215	10	5	1	2	0	2000	201	1088	NoChange	2	6	1	2000
215	10	6	4	4	1	2000	211	2168	56	1	2	0	2000
215	10	7	3	6	1	2000	211	925	56	4	4	1	2000
215	10	8	2	4	1	2000	202	1099	56	3	6	1	2000
215	10	9	3	4	0	2000	201	1203	NoChange	2	4	1	2000
215	10	10	4	2	1	2000	202	734	57	3	4	0	2000
215	10	11	2	6	1	2000	211	972	57	4	2	1	2000
215	10	12	1	2	1	2000	202	744	1664	2	6	1	2000
215	10	13	4	6	1	2000	211	1166	58	1	2	1	2000
215	10	14	4	6	0	2000	201	827	NoChange	4	6	1	2000
215	10	15	1	4	1	2000	202	877	1680	4	6	0	2000
215	10	16	3	4	1	2000	211	1454	57	1	4	1	2000
215	10	17	2	4	0	2000	201	799	NoChange	3	4	1	2000
215	10	18	3	2	1	2000	202	875	58	2	4	0	2000
215	10	19	3	4	0	2000	201	1819	NoChange	3	2	1	2000
215	10	20	2	4	0	2000	201	1470	NoChange	3	4	0	2000
215	10	21	4	6	0	2000	212	1535	NoChange	2	4	0	2000
215	10	22	4	4	0	2000	201	2397	NoChange	4	6	0	2000
215	10	23	2	6	0	2000	201	1497	NoChange	4	4	0	2000
215	10	24	2	2	0	2000	201	842	NoChange	2	6	0	2000
215	10	25	1	2	1	2000	202	675	1717	2	2	0	2000
215	10	26	2	6	0	2000	201	980	NoChange	1	2	1	2000
215	10	27	1	4	1	2000	202	825	1728	2	6	0	2000
215	10	28	3	2	0	2000	201	851	NoChange	1	4	1	2000
215	10	29	4	4	0	2000	201	876	NoChange	3	2	0	2000
215	10	30	3	6	0	2000	201	765	NoChange	4	4	0	2000
215	10	31	2	2	1	2000	202	817	58	3	6	0	2000
215	10	32	3	2	0	2000	201	620	NoChange	2	2	1	2000
215	10	33	2	2	1	2000	202	662	59	3	2	0	2000
215	10	34	2	4	1	2000	202	1375	60	2	2	1	2000
215	10	35	1	4	0	2000	201	1196	NoChange	2	4	1	2000
215	10	36	1	6	1	2000	202	848	1758	1	4	0	2000
215	10	37	4	2	0	2000	201	1113	NoChange	1	6	1	2000
215	10	38	4	2	0	2000	201	873	NoChange	4	2	0	2000
215	10	39	3	6	0	2000	201	1209	NoChange	4	2	0	2000
215	10	40	1	2	0	2000	201	941	NoChange	3	6	0	2000
215	10	41	1	6	0	2000	201	867	NoChange	1	2	0	2000
215	10	42	4	2	1	2000	202	763	59	1	6	0	2000
215	10	43	2	2	0	2000	201	832	NoChange	4	2	1	2000
215	10	44	1	6	0	2000	212	1578	NoChange	2	2	0	2000
215	10	45	3	6	1	2000	211	3727	59	1	6	0	2000
215	10	46	1	4	0	2000	201	1351	NoChange	3	6	1	2000
215	10	47	4	4	1	2000	202	1044	60	1	4	0	2000
215	10	48	3	4	1	2000	202	774	60	4	4	1	2000
215	11	1	4	6	1	2000	202	780	61	0	0	0	
215	11	2	4	2	0	2000	201	600	NoChange	4	6	1	2000
215	11	3	3	6	0	2000	201	851	NoChange	4	2	0	2000
215	11	4	4	2	1	2000	202	1372	62	3	6	0	2000
215	11	5	3	2	0	2000	201	1209	NoChange	4	2	1	2000
215	11	6	1	4	1	2000	202	1132	1821	3	2	0	2000
215	11	7	3	6	0	2000	201	1162	NoChange	1	4	1	2000
215	11	8	3	2	1	2000	202	664	61	3	6	0	2000
215	11	9	3	2	0	2000	201	1409	NoChange	3	2	1	2000
215	11	10	3	6	1	2000	211	2044	62	3	2	0	2000
215	11	11	4	4	0	2000	201	1063	NoChange	3	6	1	2000
215	11	12	3	2	1	2000	202	928	63	4	4	0	2000
215	11	13	4	2	1	2000	202	911	63	3	2	1	2000
215	11	14	1	2	0	2000	201	734	NoChange	4	2	1	2000
215	11	15	2	2	1	2000	211	1428	61	1	2	0	2000
215	11	16	2	6	1	2000	211	1126	62	2	2	1	2000
215	11	17	4	4	0	2000	201	1085	NoChange	2	6	1	2000
215	11	18	4	6	0	2000	201	1173	NoChange	4	4	0	2000
215	11	19	1	6	0	2000	201	810	NoChange	4	6	0	2000
215	11	20	1	2	0	2000	212	1029	NoChange	1	6	0	2000
215	11	21	1	6	0	2000	201	855	NoChange	1	2	0	2000
215	11	22	2	6	0	2000	201	737	NoChange	1	6	0	2000
215	11	23	3	4	1	2000	202	966	64	2	6	0	2000
215	11	24	1	4	1	2000	202	667	1887	3	4	1	2000
215	11	25	3	6	1	2000	211	1252	65	1	4	1	2000
215	11	26	4	4	1	2000	202	1149	64	3	6	1	2000
215	11	27	2	4	0	2000	201	978	NoChange	4	4	1	2000
215	11	28	1	4	0	2000	201	687	NoChange	2	4	0	2000
215	11	29	4	6	0	2000	201	1135	NoChange	1	4	0	2000
215	11	30	1	6	1	2000	202	1925	1916	4	6	0	2000
215	11	31	2	4	0	2000	201	1132	NoChange	1	6	1	2000
215	11	32	4	4	1	2000	202	1002	65	2	4	0	2000
215	11	33	2	2	1	2000	202	741	63	4	4	1	2000
215	11	34	2	2	0	2000	201	803	NoChange	2	2	1	2000
215	11	35	3	4	0	2000	201	1206	NoChange	2	2	0	2000
215	11	36	1	2	1	2000	202	609	1933	3	4	0	2000
215	11	37	2	4	1	2000	202	1452	64	1	2	1	2000
215	11	38	2	6	1	2000	202	1150	65	2	4	1	2000
215	11	39	1	2	1	2000	202	811	1944	2	6	1	2000
215	11	40	2	4	1	2000	211	1926	66	1	2	1	2000
215	11	41	3	4	1	2000	211	1525	66	2	4	1	2000
215	11	42	4	6	1	2000	202	964	66	3	4	1	2000
215	11	43	3	4	0	2000	201	969	NoChange	4	6	1	2000
215	11	44	2	6	0	2000	201	942	NoChange	3	4	0	2000
215	11	45	4	2	0	2000	201	644	NoChange	2	6	0	2000
215	11	46	2	2	0	2000	201	1566	NoChange	4	2	0	2000
215	11	47	1	6	1	2000	202	1394	1976	2	2	0	2000
215	11	48	1	4	0	2000	201	1254	NoChange	1	6	1	2000
215	12	1	1	4	0	2000	201	1341	NoChange	0	0	0	
215	12	2	2	2	0	2000	201	1003	NoChange	1	4	0	2000
215	12	3	2	6	1	2000	211	895	67	2	2	0	2000
215	12	4	2	2	1	2000	211	598	68	2	6	1	2000
215	12	5	2	4	1	2000	202	906	69	2	2	1	2000
215	12	6	2	4	0	2000	201	993	NoChange	2	4	1	2000
215	12	7	4	4	1	2000	211	733	67	2	4	0	2000
215	12	8	4	4	0	2000	201	811	NoChange	4	4	1	2000
215	12	9	1	2	1	2000	202	710	2009	4	4	0	2000
215	12	10	2	6	1	2000	202	645	70	1	2	1	2000
215	12	11	4	6	0	2000	201	983	NoChange	2	6	1	2000
215	12	12	1	6	1	2000	202	955	2027	4	6	0	2000
215	12	13	2	4	0	2000	212	1248	NoChange	1	6	1	2000
215	12	14	1	2	0	2000	201	634	NoChange	2	4	0	2000
215	12	15	1	4	0	2000	201	1220	NoChange	1	2	0	2000
215	12	16	3	6	1	2000	202	1214	67	1	4	0	2000
215	12	17	3	4	0	2000	201	834	NoChange	3	6	1	2000
215	12	18	2	6	0	2000	201	852	NoChange	3	4	0	2000
215	12	19	4	2	1	2000	202	757	68	2	6	0	2000
215	12	20	2	2	1	2000	202	666	71	4	2	1	2000
215	12	21	3	4	1	2000	211	1211	68	2	2	1	2000
215	12	22	3	6	0	2000	212	1054	NoChange	3	4	1	2000
215	12	23	3	6	1	2000	202	847	69	3	6	0	2000
215	12	24	1	2	0	2000	201	833	NoChange	3	6	1	2000
215	12	25	1	6	0	2000	201	1179	NoChange	1	2	0	2000
215	12	26	3	2	1	2000	202	872	70	1	6	0	2000
215	12	27	2	4	1	2000	202	784	72	3	2	1	2000
215	12	28	1	4	1	2000	202	660	2085	2	4	1	2000
215	12	29	3	2	0	2000	201	893	NoChange	1	4	1	2000
215	12	30	4	2	1	2000	202	661	69	3	2	0	2000
215	12	31	4	6	1	2000	202	966	70	4	2	1	2000
215	12	32	3	2	0	2000	201	907	NoChange	4	6	1	2000
215	12	33	1	4	1	2000	202	818	2100	3	2	0	2000
215	12	34	2	2	0	2000	201	1228	NoChange	1	4	1	2000
215	12	35	4	6	1	2000	202	1159	71	2	2	0	2000
215	12	36	3	4	1	2000	202	948	71	4	6	1	2000
215	12	37	4	4	1	2000	211	874	72	3	4	1	2000
215	12	38	4	2	0	2000	201	986	NoChange	4	4	1	2000
215	12	39	4	2	0	2000	201	878	NoChange	4	2	0	2000
215	12	40	3	2	1	2000	202	1119	72	4	2	0	2000
215	12	41	4	6	0	2000	212	1429	NoChange	3	2	1	2000
215	12	42	1	6	0	2000	212	1008	NoChange	4	6	0	2000
215	12	43	3	4	0	2000	201	707	NoChange	1	6	0	2000
215	12	44	1	2	1	2000	202	883	2137	3	4	0	2000
215	12	45	2	6	0	2000	201	874	NoChange	1	2	1	2000
215	12	46	4	4	0	2000	201	811	NoChange	2	6	0	2000
215	12	47	3	6	0	2000	201	1166	NoChange	4	4	0	2000
215	12	48	1	6	1	2000	202	1187	2160	3	6	0	2000
