#subject	block	trial	condition	setsize	change	time	responses	time	Pic	prev_condition	prev_setsize	prev_change	prev_time
207	1	1	4	4	1	2000	202	1524	1	0	0	0	
207	1	2	3	6	1	2000	202	1755	1	4	4	1	2000
207	1	3	1	4	1	2000	202	1033	13	3	6	1	2000
207	1	4	3	2	0	2000	201	987	NoChange	1	4	1	2000
207	1	5	2	6	0	2000	212	1223	NoChange	3	2	0	2000
207	1	6	3	2	1	2000	202	1809	2	2	6	0	2000
207	1	7	2	6	0	2000	201	1245	NoChange	3	2	1	2000
207	1	8	2	6	1	2000	202	1303	1	2	6	0	2000
207	1	9	3	6	0	2000	212	1126	NoChange	2	6	1	2000
207	1	10	1	6	0	2000	212	1741	NoChange	3	6	0	2000
207	1	11	1	6	1	2000	202	1075	52	1	6	0	2000
207	1	12	2	6	1	2000	202	3076	2	1	6	1	2000
207	1	13	3	6	0	2000	212	4093	NoChange	2	6	1	2000
207	1	14	3	2	1	2000	202	1030	3	3	6	0	2000
207	1	15	1	2	1	2000	202	1025	67	3	2	1	2000
207	1	16	1	2	0	2000	201	1619	NoChange	1	2	1	2000
207	1	17	3	4	1	2000	211	1262	4	1	2	0	2000
207	1	18	3	2	0	2000	201	848	NoChange	3	4	1	2000
207	1	19	2	2	0	2000	201	3410	NoChange	3	2	0	2000
207	1	20	1	4	0	2000	201	1446	NoChange	2	2	0	2000
207	1	21	4	2	0	2000	201	1704	NoChange	1	4	0	2000
207	1	22	1	2	0	2000	201	2287	NoChange	4	2	0	2000
207	1	23	4	6	1	2000	202	1120	2	1	2	0	2000
207	1	24	4	6	1	2000	202	1078	3	4	6	1	2000
207	1	25	2	4	0	2000	201	1855	NoChange	4	6	1	2000
207	1	26	2	4	1	2000	202	1049	3	2	4	0	2000
207	1	27	3	4	0	2000	201	1002	NoChange	2	4	1	2000
207	1	28	1	2	1	2000	202	1109	108	3	4	0	2000
207	1	29	4	6	0	2000	201	1317	NoChange	1	2	1	2000
207	1	30	4	2	1	2000	202	1307	4	4	6	0	2000
207	1	31	4	4	0	2000	201	1219	NoChange	4	2	1	2000
207	1	32	4	2	0	2000	201	1437	NoChange	4	4	0	2000
207	1	33	3	6	1	2000	202	1999	5	4	2	0	2000
207	1	34	2	2	1	2000	211	1859	4	3	6	1	2000
207	1	35	2	2	1	2000	202	1341	5	2	2	1	2000
207	1	36	1	4	0	2000	201	1427	NoChange	2	2	1	2000
207	1	37	4	4	0	2000	212	1462	NoChange	1	4	0	2000
207	1	38	4	2	1	2000	202	1055	5	4	4	0	2000
207	1	39	1	4	1	2000	202	1304	142	4	2	1	2000
207	1	40	4	4	1	2000	202	928	6	1	4	1	2000
207	1	41	1	6	0	2000	201	806	NoChange	4	4	1	2000
207	1	42	3	4	1	2000	202	1233	6	1	6	0	2000
207	1	43	2	4	0	2000	201	2731	NoChange	3	4	1	2000
207	1	44	2	2	0	2000	201	1010	NoChange	2	4	0	2000
207	1	45	2	4	1	2000	202	1013	6	2	2	0	2000
207	1	46	1	6	1	2000	202	1625	170	2	4	1	2000
207	1	47	3	4	0	2000	201	987	NoChange	1	6	1	2000
207	1	48	4	6	0	2000	212	1151	NoChange	3	4	0	2000
207	2	1	2	6	0	2000	212	5975	NoChange	0	0	0	
207	2	2	1	6	1	2000	202	950	193	2	6	0	2000
207	2	3	3	6	1	2000	202	867	7	1	6	1	2000
207	2	4	2	2	0	2000	201	1107	NoChange	3	6	1	2000
207	2	5	4	6	1	2000	202	3171	7	2	2	0	2000
207	2	6	3	4	1	2000	211	2944	8	4	6	1	2000
207	2	7	3	6	1	2000	211	1287	9	3	4	1	2000
207	2	8	2	2	1	2000	202	3751	7	3	6	1	2000
207	2	9	3	2	0	2000	201	893	NoChange	2	2	1	2000
207	2	10	2	2	0	2000	201	1133	NoChange	3	2	0	2000
207	2	11	3	4	1	2000	202	3131	10	2	2	0	2000
207	2	12	2	4	1	2000	202	1466	8	3	4	1	2000
207	2	13	3	2	1	2000	211	1315	11	2	4	1	2000
207	2	14	4	2	1	2000	202	841	8	3	2	1	2000
207	2	15	1	4	1	2000	202	979	231	4	2	1	2000
207	2	16	4	6	1	2000	202	2144	9	1	4	1	2000
207	2	17	4	4	0	2000	201	1470	NoChange	4	6	1	2000
207	2	18	1	2	0	2000	201	991	NoChange	4	4	0	2000
207	2	19	4	2	0	2000	201	771	NoChange	1	2	0	2000
207	2	20	4	2	0	2000	201	1560	NoChange	4	2	0	2000
207	2	21	2	6	1	2000	202	1053	9	4	2	0	2000
207	2	22	1	2	0	2000	201	806	NoChange	2	6	1	2000
207	2	23	2	6	1	2000	202	1193	10	1	2	0	2000
207	2	24	1	2	1	2000	202	1053	261	2	6	1	2000
207	2	25	1	6	0	2000	201	1743	NoChange	1	2	1	2000
207	2	26	4	6	0	2000	212	4685	NoChange	1	6	0	2000
207	2	27	4	4	0	2000	212	1558	NoChange	4	6	0	2000
207	2	28	4	4	1	2000	211	1004	10	4	4	0	2000
207	2	29	1	6	0	2000	201	1615	NoChange	4	4	1	2000
207	2	30	2	4	1	2000	211	1202	11	1	6	0	2000
207	2	31	3	2	1	2000	211	1325	12	2	4	1	2000
207	2	32	1	4	0	2000	201	1196	NoChange	3	2	1	2000
207	2	33	3	2	0	2000	201	800	NoChange	1	4	0	2000
207	2	34	2	4	0	2000	201	1171	NoChange	3	2	0	2000
207	2	35	1	4	1	2000	202	1136	305	2	4	0	2000
207	2	36	4	4	1	2000	211	6414	11	1	4	1	2000
207	2	37	3	6	0	2000	212	1923	NoChange	4	4	1	2000
207	2	38	2	6	0	2000	212	2170	NoChange	3	6	0	2000
207	2	39	1	2	1	2000	202	1079	323	2	6	0	2000
207	2	40	3	4	0	2000	201	863	NoChange	1	2	1	2000
207	2	41	2	4	0	2000	212	1560	NoChange	3	4	0	2000
207	2	42	4	6	0	2000	212	1350	NoChange	2	4	0	2000
207	2	43	2	2	1	2000	202	915	12	4	6	0	2000
207	2	44	3	6	0	2000	212	922	NoChange	2	2	1	2000
207	2	45	4	2	1	2000	202	832	12	3	6	0	2000
207	2	46	1	6	1	2000	202	938	352	4	2	1	2000
207	2	47	1	4	0	2000	212	1120	NoChange	1	6	1	2000
207	2	48	3	4	0	2000	201	1575	NoChange	1	4	0	2000
207	3	1	3	4	1	2000	202	2353	13	0	0	0	
207	3	2	4	6	0	2000	212	1447	NoChange	3	4	1	2000
207	3	3	2	4	0	2000	201	937	NoChange	4	6	0	2000
207	3	4	4	2	1	2000	202	1079	13	2	4	0	2000
207	3	5	4	4	1	2000	202	4688	14	4	2	1	2000
207	3	6	4	2	0	2000	201	1249	NoChange	4	4	1	2000
207	3	7	1	2	1	2000	202	1098	382	4	2	0	2000
207	3	8	2	6	0	2000	212	1514	NoChange	1	2	1	2000
207	3	9	2	2	0	2000	201	1145	NoChange	2	6	0	2000
207	3	10	1	6	0	2000	212	2127	NoChange	2	2	0	2000
207	3	11	2	6	1	2000	202	966	13	1	6	0	2000
207	3	12	3	6	0	2000	201	835	NoChange	2	6	1	2000
207	3	13	4	6	1	2000	202	1021	15	3	6	0	2000
207	3	14	3	2	0	2000	201	1127	NoChange	4	6	1	2000
207	3	15	2	6	0	2000	212	1750	NoChange	3	2	0	2000
207	3	16	1	2	0	2000	201	811	NoChange	2	6	0	2000
207	3	17	3	2	0	2000	201	1087	NoChange	1	2	0	2000
207	3	18	1	6	1	2000	202	1063	431	3	2	0	2000
207	3	19	3	6	0	2000	212	1192	NoChange	1	6	1	2000
207	3	20	3	4	0	2000	201	1156	NoChange	3	6	0	2000
207	3	21	3	2	1	2000	202	1809	14	3	4	0	2000
207	3	22	4	4	0	2000	212	1021	NoChange	3	2	1	2000
207	3	23	3	2	1	2000	202	928	15	4	4	0	2000
207	3	24	2	2	1	2000	211	4422	14	3	2	1	2000
207	3	25	4	4	1	2000	202	1082	16	2	2	1	2000
207	3	26	1	4	1	2000	202	1058	456	4	4	1	2000
207	3	27	4	2	0	2000	201	787	NoChange	1	4	1	2000
207	3	28	2	6	1	2000	202	991	15	4	2	0	2000
207	3	29	2	4	0	2000	201	1659	NoChange	2	6	1	2000
207	3	30	1	4	1	2000	202	725	472	2	4	0	2000
207	3	31	4	4	0	2000	201	1787	NoChange	1	4	1	2000
207	3	32	4	6	1	2000	202	775	17	4	4	0	2000
207	3	33	4	6	0	2000	201	884	NoChange	4	6	1	2000
207	3	34	1	6	1	2000	202	1444	494	4	6	0	2000
207	3	35	3	4	1	2000	202	878	16	1	6	1	2000
207	3	36	1	2	0	2000	201	1294	NoChange	3	4	1	2000
207	3	37	2	4	1	2000	211	1294	16	1	2	0	2000
207	3	38	1	6	0	2000	212	2926	NoChange	2	4	1	2000
207	3	39	1	4	0	2000	201	1822	NoChange	1	6	0	2000
207	3	40	3	6	1	2000	202	849	17	1	4	0	2000
207	3	41	1	4	0	2000	201	978	NoChange	3	6	1	2000
207	3	42	3	6	1	2000	202	1038	18	1	4	0	2000
207	3	43	2	2	1	2000	202	1808	17	3	6	1	2000
207	3	44	2	2	0	2000	201	900	NoChange	2	2	1	2000
207	3	45	3	4	0	2000	201	1195	NoChange	2	2	0	2000
207	3	46	1	2	1	2000	202	823	536	3	4	0	2000
207	3	47	2	4	1	2000	202	2018	18	1	2	1	2000
207	3	48	4	2	1	2000	202	1005	18	2	4	1	2000
207	4	1	1	4	0	2000	201	1462	NoChange	0	0	0	
207	4	2	1	4	1	2000	202	1384	549	1	4	0	2000
207	4	3	3	4	0	2000	201	2068	NoChange	1	4	1	2000
207	4	4	3	4	1	2000	211	1061	19	3	4	0	2000
207	4	5	1	6	1	2000	202	1070	563	3	4	1	2000
207	4	6	4	2	0	2000	201	1015	NoChange	1	6	1	2000
207	4	7	3	6	1	2000	202	1274	20	4	2	0	2000
207	4	8	3	4	0	2000	201	1043	NoChange	3	6	1	2000
207	4	9	2	4	1	2000	202	1309	19	3	4	0	2000
207	4	10	2	4	0	2000	201	1204	NoChange	2	4	1	2000
207	4	11	1	6	1	2000	202	1127	588	2	4	0	2000
207	4	12	1	4	0	2000	201	1054	NoChange	1	6	1	2000
207	4	13	3	6	0	2000	201	1247	NoChange	1	4	0	2000
207	4	14	2	6	1	2000	202	921	20	3	6	0	2000
207	4	15	4	2	1	2000	211	1416	19	2	6	1	2000
207	4	16	4	2	0	2000	201	1107	NoChange	4	2	1	2000
207	4	17	2	2	1	2000	202	1370	21	4	2	0	2000
207	4	18	2	2	0	2000	201	959	NoChange	2	2	1	2000
207	4	19	4	4	0	2000	212	1068	NoChange	2	2	0	2000
207	4	20	1	2	0	2000	201	1180	NoChange	4	4	0	2000
207	4	21	4	6	0	2000	212	993	NoChange	1	2	0	2000
207	4	22	3	4	1	2000	211	1885	21	4	6	0	2000
207	4	23	3	6	0	2000	212	1005	NoChange	3	4	1	2000
207	4	24	1	2	1	2000	202	1137	633	3	6	0	2000
207	4	25	1	2	0	2000	201	1143	NoChange	1	2	1	2000
207	4	26	4	4	1	2000	202	2893	20	1	2	0	2000
207	4	27	4	4	1	2000	211	3429	21	4	4	1	2000
207	4	28	4	6	1	2000	202	1057	22	4	4	1	2000
207	4	29	2	4	1	2000	202	2530	22	4	6	1	2000
207	4	30	1	4	1	2000	202	905	654	2	4	1	2000
207	4	31	1	6	0	2000	212	1753	NoChange	1	4	1	2000
207	4	32	2	2	1	2000	211	3062	23	1	6	0	2000
207	4	33	3	2	1	2000	202	1696	22	2	2	1	2000
207	4	34	2	4	0	2000	212	2216	NoChange	3	2	1	2000
207	4	35	3	2	0	2000	201	1051	NoChange	2	4	0	2000
207	4	36	4	6	0	2000	212	1317	NoChange	3	2	0	2000
207	4	37	3	6	1	2000	202	3563	23	4	6	0	2000
207	4	38	4	6	1	2000	202	4770	23	3	6	1	2000
207	4	39	4	2	1	2000	202	1248	24	4	6	1	2000
207	4	40	2	2	0	2000	201	834	NoChange	4	2	1	2000
207	4	41	2	6	0	2000	212	1884	NoChange	2	2	0	2000
207	4	42	3	2	0	2000	201	780	NoChange	2	6	0	2000
207	4	43	2	6	0	2000	201	1120	NoChange	3	2	0	2000
207	4	44	1	6	0	2000	201	1639	NoChange	2	6	0	2000
207	4	45	1	2	1	2000	202	905	710	1	6	0	2000
207	4	46	2	6	1	2000	202	985	24	1	2	1	2000
207	4	47	4	4	0	2000	201	956	NoChange	2	6	1	2000
207	4	48	3	2	1	2000	211	1202	24	4	4	0	2000
207	5	1	2	4	1	2000	202	1162	25	0	0	0	
207	5	2	2	2	0	2000	201	863	NoChange	2	4	1	2000
207	5	3	3	2	1	2000	211	1288	25	2	2	0	2000
207	5	4	1	6	0	2000	212	984	NoChange	3	2	1	2000
207	5	5	3	6	1	2000	202	1900	26	1	6	0	2000
207	5	6	1	4	1	2000	202	980	742	3	6	1	2000
207	5	7	2	6	0	2000	201	960	NoChange	1	4	1	2000
207	5	8	3	6	1	2000	202	1894	27	2	6	0	2000
207	5	9	1	6	0	2000	201	1142	NoChange	3	6	1	2000
207	5	10	3	6	0	2000	212	1732	NoChange	1	6	0	2000
207	5	11	1	2	0	2000	201	994	NoChange	3	6	0	2000
207	5	12	4	4	0	2000	201	1190	NoChange	1	2	0	2000
207	5	13	4	4	1	2000	202	762	25	4	4	0	2000
207	5	14	2	6	0	2000	201	1103	NoChange	4	4	1	2000
207	5	15	4	2	1	2000	202	950	26	2	6	0	2000
207	5	16	2	2	1	2000	211	3572	26	4	2	1	2000
207	5	17	3	4	1	2000	202	1305	28	2	2	1	2000
207	5	18	4	6	0	2000	201	1345	NoChange	3	4	1	2000
207	5	19	1	4	0	2000	201	1095	NoChange	4	6	0	2000
207	5	20	1	2	0	2000	201	1119	NoChange	1	4	0	2000
207	5	21	3	6	0	2000	212	1285	NoChange	1	2	0	2000
207	5	22	2	4	0	2000	201	1069	NoChange	3	6	0	2000
207	5	23	2	2	0	2000	201	1110	NoChange	2	4	0	2000
207	5	24	1	4	1	2000	202	925	814	2	2	0	2000
207	5	25	4	6	0	2000	212	1028	NoChange	1	4	1	2000
207	5	26	2	4	0	2000	212	1191	NoChange	4	6	0	2000
207	5	27	3	2	0	2000	201	947	NoChange	2	4	0	2000
207	5	28	3	2	1	2000	202	1921	29	3	2	0	2000
207	5	29	4	2	0	2000	201	968	NoChange	3	2	1	2000
207	5	30	4	2	1	2000	211	924	27	4	2	0	2000
207	5	31	4	6	1	2000	202	1291	28	4	2	1	2000
207	5	32	1	6	1	2000	202	987	842	4	6	1	2000
207	5	33	3	4	1	2000	211	1519	30	1	6	1	2000
207	5	34	1	6	1	2000	202	749	852	3	4	1	2000
207	5	35	3	4	0	2000	212	2267	NoChange	1	6	1	2000
207	5	36	4	6	1	2000	202	1108	29	3	4	0	2000
207	5	37	4	4	0	2000	212	3211	NoChange	4	6	1	2000
207	5	38	3	4	0	2000	212	4711	NoChange	4	4	0	2000
207	5	39	1	2	1	2000	202	968	872	3	4	0	2000
207	5	40	1	2	1	2000	202	908	875	1	2	1	2000
207	5	41	2	6	1	2000	211	2116	27	1	2	1	2000
207	5	42	2	6	1	2000	202	1075	28	2	6	1	2000
207	5	43	1	4	0	2000	212	1547	NoChange	2	6	1	2000
207	5	44	2	4	1	2000	211	4618	29	1	4	0	2000
207	5	45	3	2	0	2000	201	765	NoChange	2	4	1	2000
207	5	46	4	2	0	2000	201	1130	NoChange	3	2	0	2000
207	5	47	4	4	1	2000	202	985	30	4	2	0	2000
207	5	48	2	2	1	2000	202	805	30	4	4	1	2000
207	6	1	1	6	1	2000	202	1209	907	0	0	0	
207	6	2	2	2	1	2000	202	1637	31	1	6	1	2000
207	6	3	1	6	0	2000	201	1367	NoChange	2	2	1	2000
207	6	4	2	4	1	2000	202	1372	32	1	6	0	2000
207	6	5	4	4	0	2000	201	1464	NoChange	2	4	1	2000
207	6	6	2	4	0	2000	201	1034	NoChange	4	4	0	2000
207	6	7	2	4	1	2000	202	1380	33	2	4	0	2000
207	6	8	1	2	1	2000	202	776	931	2	4	1	2000
207	6	9	1	4	1	2000	202	1293	936	1	2	1	2000
207	6	10	3	6	1	2000	211	1813	31	1	4	1	2000
207	6	11	4	2	1	2000	202	1065	31	3	6	1	2000
207	6	12	3	6	0	2000	212	1210	NoChange	4	2	1	2000
207	6	13	2	2	0	2000	201	893	NoChange	3	6	0	2000
207	6	14	3	6	0	2000	212	3325	NoChange	2	2	0	2000
207	6	15	2	2	0	2000	201	1077	NoChange	3	6	0	2000
207	6	16	3	6	1	2000	202	1077	32	2	2	0	2000
207	6	17	4	6	1	2000	202	782	32	3	6	1	2000
207	6	18	2	2	1	2000	202	1266	34	4	6	1	2000
207	6	19	3	4	0	2000	201	4259	NoChange	2	2	1	2000
207	6	20	4	2	0	2000	201	1069	NoChange	3	4	0	2000
207	6	21	3	2	0	2000	201	1118	NoChange	4	2	0	2000
207	6	22	1	6	1	2000	202	892	984	3	2	0	2000
207	6	23	1	4	1	2000	202	908	989	1	6	1	2000
207	6	24	4	6	0	2000	212	2651	NoChange	1	4	1	2000
207	6	25	3	2	0	2000	201	2533	NoChange	4	6	0	2000
207	6	26	4	2	0	2000	201	604	NoChange	3	2	0	2000
207	6	27	2	6	1	2000	202	895	35	4	2	0	2000
207	6	28	4	4	1	2000	202	1007	33	2	6	1	2000
207	6	29	4	6	0	2000	212	3010	NoChange	4	4	1	2000
207	6	30	4	4	0	2000	201	3998	NoChange	4	6	0	2000
207	6	31	1	6	0	2000	201	1419	NoChange	4	4	0	2000
207	6	32	1	2	0	2000	201	965	NoChange	1	6	0	2000
207	6	33	1	2	0	2000	201	1178	NoChange	1	2	0	2000
207	6	34	3	2	1	2000	202	823	33	1	2	0	2000
207	6	35	4	4	1	2000	202	1265	34	3	2	1	2000
207	6	36	3	2	1	2000	202	858	34	4	4	1	2000
207	6	37	4	6	1	2000	202	1827	35	3	2	1	2000
207	6	38	1	2	1	2000	202	846	1040	4	6	1	2000
207	6	39	3	4	1	2000	202	1056	35	1	2	1	2000
207	6	40	2	4	0	2000	212	929	NoChange	3	4	1	2000
207	6	41	1	4	0	2000	201	992	NoChange	2	4	0	2000
207	6	42	2	6	1	2000	211	2068	36	1	4	0	2000
207	6	43	3	4	0	2000	212	2997	NoChange	2	6	1	2000
207	6	44	4	2	1	2000	202	1001	36	3	4	0	2000
207	6	45	2	6	0	2000	201	1133	NoChange	4	2	1	2000
207	6	46	2	6	0	2000	212	3267	NoChange	2	6	0	2000
207	6	47	3	4	1	2000	211	940	36	2	6	0	2000
207	6	48	1	4	0	2000	201	1002	NoChange	3	4	1	2000
207	7	1	3	6	0	2000	201	1078	NoChange	0	0	0	
207	7	2	1	4	0	2000	201	918	NoChange	3	6	0	2000
207	7	3	4	6	1	2000	202	2197	37	1	4	0	2000
207	7	4	4	2	1	2000	202	857	38	4	6	1	2000
207	7	5	2	6	1	2000	202	875	37	4	2	1	2000
207	7	6	1	2	1	2000	202	723	1104	2	6	1	2000
207	7	7	2	4	0	2000	201	994	NoChange	1	2	1	2000
207	7	8	1	4	0	2000	201	750	NoChange	2	4	0	2000
207	7	9	3	2	1	2000	202	907	37	1	4	0	2000
207	7	10	4	2	0	2000	201	1018	NoChange	3	2	1	2000
207	7	11	3	2	0	2000	201	661	NoChange	4	2	0	2000
207	7	12	2	2	1	2000	202	726	38	3	2	0	2000
207	7	13	1	6	1	2000	202	828	1125	2	2	1	2000
207	7	14	2	2	1	2000	211	983	39	1	6	1	2000
207	7	15	4	4	0	2000	201	635	NoChange	2	2	1	2000
207	7	16	1	6	0	2000	212	980	NoChange	4	4	0	2000
207	7	17	3	6	0	2000	201	1049	NoChange	1	6	0	2000
207	7	18	4	6	0	2000	201	578	NoChange	3	6	0	2000
207	7	19	1	6	1	2000	202	615	1155	4	6	0	2000
207	7	20	2	6	0	2000	212	1426	NoChange	1	6	1	2000
207	7	21	4	4	1	2000	211	2213	39	2	6	0	2000
207	7	22	4	4	0	2000	212	2688	NoChange	4	4	1	2000
207	7	23	3	4	1	2000	202	1465	38	4	4	0	2000
207	7	24	3	4	1	2000	202	778	39	3	4	1	2000
207	7	25	3	4	0	2000	201	958	NoChange	3	4	1	2000
207	7	26	3	6	1	2000	202	772	40	3	4	0	2000
207	7	27	2	6	0	2000	201	1440	NoChange	3	6	1	2000
207	7	28	2	4	1	2000	202	810	40	2	6	0	2000
207	7	29	3	4	0	2000	201	965	NoChange	2	4	1	2000
207	7	30	4	6	1	2000	211	1450	40	3	4	0	2000
207	7	31	2	4	0	2000	201	1363	NoChange	4	6	1	2000
207	7	32	2	4	1	2000	211	849	41	2	4	0	2000
207	7	33	3	2	1	2000	211	690	41	2	4	1	2000
207	7	34	2	6	1	2000	202	922	42	3	2	1	2000
207	7	35	4	2	0	2000	201	1144	NoChange	2	6	1	2000
207	7	36	2	2	0	2000	201	3574	NoChange	4	2	0	2000
207	7	37	1	6	0	2000	201	2516	NoChange	2	2	0	2000
207	7	38	3	6	1	2000	202	1123	42	1	6	0	2000
207	7	39	1	2	0	2000	201	970	NoChange	3	6	1	2000
207	7	40	1	4	1	2000	202	846	1236	1	2	0	2000
207	7	41	4	2	1	2000	202	1704	41	1	4	1	2000
207	7	42	4	4	1	2000	202	816	42	4	2	1	2000
207	7	43	2	2	0	2000	201	970	NoChange	4	4	1	2000
207	7	44	1	2	0	2000	201	647	NoChange	2	2	0	2000
207	7	45	1	4	1	2000	202	825	1249	1	2	0	2000
207	7	46	1	2	1	2000	202	723	1252	1	4	1	2000
207	7	47	4	6	0	2000	212	1002	NoChange	1	2	1	2000
207	7	48	3	2	0	2000	201	1085	NoChange	4	6	0	2000
207	8	1	3	2	0	2000	201	900	NoChange	0	0	0	
207	8	2	3	6	0	2000	201	884	NoChange	3	2	0	2000
207	8	3	1	4	1	2000	202	948	1273	3	6	0	2000
207	8	4	4	4	1	2000	202	929	43	1	4	1	2000
207	8	5	3	6	0	2000	212	1896	NoChange	4	4	1	2000
207	8	6	2	6	1	2000	202	744	43	3	6	0	2000
207	8	7	4	2	1	2000	202	1182	44	2	6	1	2000
207	8	8	1	6	1	2000	202	818	1295	4	2	1	2000
207	8	9	4	4	0	2000	201	1285	NoChange	1	6	1	2000
207	8	10	2	4	1	2000	202	1085	44	4	4	0	2000
207	8	11	2	6	0	2000	201	1245	NoChange	2	4	1	2000
207	8	12	2	6	1	2000	202	823	45	2	6	0	2000
207	8	13	2	4	0	2000	201	1417	NoChange	2	6	1	2000
207	8	14	2	2	1	2000	202	1748	46	2	4	0	2000
207	8	15	4	6	0	2000	201	4826	NoChange	2	2	1	2000
207	8	16	4	2	1	2000	202	702	45	4	6	0	2000
207	8	17	3	4	1	2000	202	2245	43	4	2	1	2000
207	8	18	1	2	1	2000	202	767	1331	3	4	1	2000
207	8	19	1	2	0	2000	201	1340	NoChange	1	2	1	2000
207	8	20	1	6	0	2000	212	978	NoChange	1	2	0	2000
207	8	21	1	6	0	2000	201	1718	NoChange	1	6	0	2000
207	8	22	2	2	0	2000	201	1013	NoChange	1	6	0	2000
207	8	23	3	2	0	2000	212	5513	NoChange	2	2	0	2000
207	8	24	2	4	1	2000	202	874	47	3	2	0	2000
207	8	25	2	4	0	2000	201	1450	NoChange	2	4	1	2000
207	8	26	1	4	0	2000	212	1059	NoChange	2	4	0	2000
207	8	27	4	6	0	2000	201	973	NoChange	1	4	0	2000
207	8	28	2	2	0	2000	201	1001	NoChange	4	6	0	2000
207	8	29	4	4	1	2000	202	989	46	2	2	0	2000
207	8	30	4	2	0	2000	201	729	NoChange	4	4	1	2000
207	8	31	3	2	1	2000	202	711	44	4	2	0	2000
207	8	32	1	2	1	2000	202	766	1377	3	2	1	2000
207	8	33	4	2	0	2000	201	1139	NoChange	1	2	1	2000
207	8	34	1	4	0	2000	212	1433	NoChange	4	2	0	2000
207	8	35	3	6	1	2000	202	1811	45	1	4	0	2000
207	8	36	1	2	0	2000	201	718	NoChange	3	6	1	2000
207	8	37	1	4	1	2000	202	917	1395	1	2	0	2000
207	8	38	2	2	1	2000	202	891	48	1	4	1	2000
207	8	39	4	4	0	2000	201	995	NoChange	2	2	1	2000
207	8	40	3	2	1	2000	211	5423	46	4	4	0	2000
207	8	41	3	4	0	2000	201	1820	NoChange	3	2	1	2000
207	8	42	3	4	0	2000	201	2071	NoChange	3	4	0	2000
207	8	43	3	4	1	2000	202	1040	47	3	4	0	2000
207	8	44	4	6	1	2000	202	1058	47	3	4	1	2000
207	8	45	3	6	1	2000	211	1003	48	4	6	1	2000
207	8	46	1	6	1	2000	202	1350	1429	3	6	1	2000
207	8	47	2	6	0	2000	201	971	NoChange	1	6	1	2000
207	8	48	4	6	1	2000	202	888	48	2	6	0	2000
207	9	1	3	4	1	2000	202	1221	49	0	0	0	
207	9	2	1	6	1	2000	202	808	1450	3	4	1	2000
207	9	3	1	6	0	2000	212	1131	NoChange	1	6	1	2000
207	9	4	4	6	1	2000	202	2114	49	1	6	0	2000
207	9	5	2	2	0	2000	201	1369	NoChange	4	6	1	2000
207	9	6	1	4	1	2000	202	870	1468	2	2	0	2000
207	9	7	4	2	1	2000	202	703	50	1	4	1	2000
207	9	8	2	4	1	2000	202	2054	49	4	2	1	2000
207	9	9	1	2	0	2000	201	871	NoChange	2	4	1	2000
207	9	10	4	2	0	2000	201	1208	NoChange	1	2	0	2000
207	9	11	4	4	1	2000	202	851	51	4	2	0	2000
207	9	12	1	2	1	2000	202	789	1482	4	4	1	2000
207	9	13	1	4	1	2000	202	720	1487	1	2	1	2000
207	9	14	2	6	1	2000	202	775	50	1	4	1	2000
207	9	15	2	2	1	2000	202	891	51	2	6	1	2000
207	9	16	2	6	0	2000	212	1051	NoChange	2	2	1	2000
207	9	17	1	6	0	2000	212	1245	NoChange	2	6	0	2000
207	9	18	2	6	0	2000	201	2223	NoChange	1	6	0	2000
207	9	19	1	2	0	2000	201	1306	NoChange	2	6	0	2000
207	9	20	1	4	0	2000	201	3937	NoChange	1	2	0	2000
207	9	21	2	4	0	2000	201	888	NoChange	1	4	0	2000
207	9	22	1	4	0	2000	201	736	NoChange	2	4	0	2000
207	9	23	3	6	1	2000	211	910	50	1	4	0	2000
207	9	24	4	6	0	2000	201	1341	NoChange	3	6	1	2000
207	9	25	3	4	0	2000	201	1035	NoChange	4	6	0	2000
207	9	26	4	6	0	2000	212	1069	NoChange	3	4	0	2000
207	9	27	2	6	1	2000	202	622	52	4	6	0	2000
207	9	28	3	4	0	2000	201	2536	NoChange	2	6	1	2000
207	9	29	4	4	0	2000	201	3711	NoChange	3	4	0	2000
207	9	30	3	6	0	2000	212	927	NoChange	4	4	0	2000
207	9	31	4	6	1	2000	202	982	52	3	6	0	2000
207	9	32	2	2	0	2000	201	1058	NoChange	4	6	1	2000
207	9	33	4	2	1	2000	202	867	53	2	2	0	2000
207	9	34	3	6	0	2000	212	2379	NoChange	4	2	1	2000
207	9	35	3	2	0	2000	201	1217	NoChange	3	6	0	2000
207	9	36	3	2	0	2000	201	1051	NoChange	3	2	0	2000
207	9	37	4	4	0	2000	201	860	NoChange	3	2	0	2000
207	9	38	2	2	1	2000	202	1862	53	4	4	0	2000
207	9	39	3	4	1	2000	202	1375	51	2	2	1	2000
207	9	40	1	2	1	2000	202	932	1594	3	4	1	2000
207	9	41	3	6	1	2000	202	946	52	1	2	1	2000
207	9	42	4	2	0	2000	201	1080	NoChange	3	6	1	2000
207	9	43	3	2	1	2000	202	768	53	4	2	0	2000
207	9	44	3	2	1	2000	202	933	54	3	2	1	2000
207	9	45	2	4	1	2000	202	739	54	3	2	1	2000
207	9	46	2	4	0	2000	201	1353	NoChange	2	4	1	2000
207	9	47	4	4	1	2000	202	758	54	2	4	0	2000
207	9	48	1	6	1	2000	202	723	1620	4	4	1	2000
207	10	1	2	6	0	2000	201	960	NoChange	0	0	0	
207	10	2	3	2	0	2000	212	2485	NoChange	2	6	0	2000
207	10	3	3	2	0	2000	201	1774	NoChange	3	2	0	2000
207	10	4	2	2	1	2000	202	1099	55	3	2	0	2000
207	10	5	4	2	0	2000	201	1250	NoChange	2	2	1	2000
207	10	6	4	2	1	2000	202	1307	55	4	2	0	2000
207	10	7	1	4	0	2000	212	1739	NoChange	4	2	1	2000
207	10	8	3	6	0	2000	201	4017	NoChange	1	4	0	2000
207	10	9	1	6	0	2000	201	1213	NoChange	3	6	0	2000
207	10	10	4	6	0	2000	201	984	NoChange	1	6	0	2000
207	10	11	1	4	0	2000	201	2156	NoChange	4	6	0	2000
207	10	12	4	6	1	2000	202	882	56	1	4	0	2000
207	10	13	1	2	1	2000	202	1010	1668	4	6	1	2000
207	10	14	1	2	0	2000	201	1693	NoChange	1	2	1	2000
207	10	15	3	6	1	2000	202	3845	55	1	2	0	2000
207	10	16	2	6	1	2000	202	1488	56	3	6	1	2000
207	10	17	1	6	0	2000	201	1768	NoChange	2	6	1	2000
207	10	18	2	6	0	2000	201	1141	NoChange	1	6	0	2000
207	10	19	2	4	0	2000	201	947	NoChange	2	6	0	2000
207	10	20	4	4	0	2000	201	1009	NoChange	2	4	0	2000
207	10	21	2	6	1	2000	202	988	57	4	4	0	2000
207	10	22	1	2	0	2000	201	1040	NoChange	2	6	1	2000
207	10	23	4	4	1	2000	211	1450	57	1	2	0	2000
207	10	24	2	4	1	2000	202	1308	58	4	4	1	2000
207	10	25	4	6	0	2000	212	2123	NoChange	2	4	1	2000
207	10	26	2	2	1	2000	202	2138	59	4	6	0	2000
207	10	27	1	6	1	2000	202	1520	1727	2	2	1	2000
207	10	28	1	2	1	2000	202	807	1730	1	6	1	2000
207	10	29	4	6	1	2000	202	986	58	1	2	1	2000
207	10	30	4	2	0	2000	201	1102	NoChange	4	6	1	2000
207	10	31	3	4	1	2000	202	1174	56	4	2	0	2000
207	10	32	3	4	1	2000	202	890	57	3	4	1	2000
207	10	33	2	2	0	2000	201	1050	NoChange	3	4	1	2000
207	10	34	1	4	1	2000	202	964	1750	2	2	0	2000
207	10	35	1	6	1	2000	202	1065	1757	1	4	1	2000
207	10	36	3	6	0	2000	201	3353	NoChange	1	6	1	2000
207	10	37	4	4	0	2000	201	872	NoChange	3	6	0	2000
207	10	38	3	2	1	2000	202	1112	58	4	4	0	2000
207	10	39	2	4	0	2000	201	2583	NoChange	3	2	1	2000
207	10	40	3	4	0	2000	201	876	NoChange	2	4	0	2000
207	10	41	3	2	1	2000	211	1661	59	3	4	0	2000
207	10	42	2	2	0	2000	201	830	NoChange	3	2	1	2000
207	10	43	4	4	1	2000	202	1113	59	2	2	0	2000
207	10	44	3	6	1	2000	202	1248	60	4	4	1	2000
207	10	45	4	2	1	2000	202	970	60	3	6	1	2000
207	10	46	3	4	0	2000	212	998	NoChange	4	2	1	2000
207	10	47	1	4	1	2000	202	842	1797	3	4	0	2000
207	10	48	2	4	1	2000	202	1124	60	1	4	1	2000
207	11	1	2	2	0	2000	201	769	NoChange	0	0	0	
207	11	2	4	6	0	2000	201	981	NoChange	2	2	0	2000
207	11	3	2	6	1	2000	202	1601	61	4	6	0	2000
207	11	4	3	2	1	2000	202	1589	61	2	6	1	2000
207	11	5	3	4	1	2000	202	1249	62	3	2	1	2000
207	11	6	2	4	0	2000	201	1322	NoChange	3	4	1	2000
207	11	7	1	2	1	2000	202	841	1824	2	4	0	2000
207	11	8	1	6	0	2000	212	1035	NoChange	1	2	1	2000
207	11	9	4	2	1	2000	202	949	61	1	6	0	2000
207	11	10	2	2	1	2000	202	938	62	4	2	1	2000
207	11	11	1	2	0	2000	201	1400	NoChange	2	2	1	2000
207	11	12	2	6	0	2000	212	1012	NoChange	1	2	0	2000
207	11	13	3	2	1	2000	202	1751	63	2	6	0	2000
207	11	14	4	4	1	2000	202	1028	62	3	2	1	2000
207	11	15	1	2	1	2000	202	1647	1847	4	4	1	2000
207	11	16	1	4	0	2000	201	1177	NoChange	1	2	1	2000
207	11	17	1	6	1	2000	202	878	1858	1	4	0	2000
207	11	18	3	4	1	2000	202	1390	64	1	6	1	2000
207	11	19	1	4	1	2000	202	978	1866	3	4	1	2000
207	11	20	2	2	0	2000	201	1303	NoChange	1	4	1	2000
207	11	21	2	4	1	2000	202	1510	63	2	2	0	2000
207	11	22	3	6	1	2000	202	822	65	2	4	1	2000
207	11	23	2	6	0	2000	212	2392	NoChange	3	6	1	2000
207	11	24	3	4	0	2000	201	1277	NoChange	2	6	0	2000
207	11	25	3	6	0	2000	212	854	NoChange	3	4	0	2000
207	11	26	4	4	0	2000	201	2527	NoChange	3	6	0	2000
207	11	27	2	4	0	2000	201	1062	NoChange	4	4	0	2000
207	11	28	2	6	1	2000	202	775	64	2	4	0	2000
207	11	29	4	4	0	2000	212	1532	NoChange	2	6	1	2000
207	11	30	3	6	1	2000	211	1010	66	4	4	0	2000
207	11	31	4	4	1	2000	202	1141	63	3	6	1	2000
207	11	32	3	6	0	2000	201	1299	NoChange	4	4	1	2000
207	11	33	4	6	0	2000	201	1211	NoChange	3	6	0	2000
207	11	34	1	6	1	2000	202	902	1936	4	6	0	2000
207	11	35	1	6	0	2000	201	965	NoChange	1	6	1	2000
207	11	36	1	4	1	2000	211	3330	1947	1	6	0	2000
207	11	37	3	2	0	2000	201	921	NoChange	1	4	1	2000
207	11	38	1	2	0	2000	201	872	NoChange	3	2	0	2000
207	11	39	2	4	1	2000	202	9753	65	1	2	0	2000
207	11	40	4	2	0	2000	201	1113	NoChange	2	4	1	2000
207	11	41	1	4	0	2000	201	904	NoChange	4	2	0	2000
207	11	42	4	2	0	2000	201	688	NoChange	1	4	0	2000
207	11	43	2	2	1	2000	202	919	66	4	2	0	2000
207	11	44	4	6	1	2000	202	982	64	2	2	1	2000
207	11	45	4	2	1	2000	202	650	65	4	6	1	2000
207	11	46	3	2	0	2000	201	1203	NoChange	4	2	1	2000
207	11	47	3	4	0	2000	212	1382	NoChange	3	2	0	2000
207	11	48	4	6	1	2000	202	954	66	3	4	0	2000
207	12	1	1	4	0	2000	201	1003	NoChange	0	0	0	
207	12	2	2	2	0	2000	201	2462	NoChange	1	4	0	2000
207	12	3	3	6	1	2000	202	1184	67	2	2	0	2000
207	12	4	3	2	0	2000	201	1852	NoChange	3	6	1	2000
207	12	5	1	6	1	2000	202	838	2000	3	2	0	2000
207	12	6	1	4	1	2000	211	6296	2005	1	6	1	2000
207	12	7	4	2	0	2000	201	1450	NoChange	1	4	1	2000
207	12	8	2	2	1	2000	202	907	67	4	2	0	2000
207	12	9	4	6	0	2000	201	3898	NoChange	2	2	1	2000
207	12	10	4	2	1	2000	202	1067	67	4	6	0	2000
207	12	11	2	4	0	2000	201	2155	NoChange	4	2	1	2000
207	12	12	4	2	0	2000	201	1001	NoChange	2	4	0	2000
207	12	13	4	6	1	2000	202	1140	68	4	2	0	2000
207	12	14	2	4	0	2000	212	978	NoChange	4	6	1	2000
207	12	15	1	4	1	2000	202	743	2035	2	4	0	2000
207	12	16	3	2	1	2000	202	859	68	1	4	1	2000
207	12	17	3	2	0	2000	212	5494	NoChange	3	2	1	2000
207	12	18	2	6	0	2000	212	1256	NoChange	3	2	0	2000
207	12	19	4	2	1	2000	202	737	69	2	6	0	2000
207	12	20	3	6	0	2000	212	1167	NoChange	4	2	1	2000
207	12	21	4	4	1	2000	202	987	70	3	6	0	2000
207	12	22	2	6	1	2000	202	1367	68	4	4	1	2000
207	12	23	2	6	0	2000	212	860	NoChange	2	6	1	2000
207	12	24	2	4	1	2000	202	821	69	2	6	0	2000
207	12	25	4	6	1	2000	202	904	71	2	4	1	2000
207	12	26	1	2	0	2000	201	1743	NoChange	4	6	1	2000
207	12	27	1	2	1	2000	202	861	2078	1	2	0	2000
207	12	28	3	4	1	2000	202	1079	69	1	2	1	2000
207	12	29	1	6	0	2000	212	863	NoChange	3	4	1	2000
207	12	30	4	4	0	2000	201	1208	NoChange	1	6	0	2000
207	12	31	2	2	1	2000	211	1028	70	4	4	0	2000
207	12	32	4	4	0	2000	201	1966	NoChange	2	2	1	2000
207	12	33	1	2	0	2000	201	1107	NoChange	4	4	0	2000
207	12	34	1	6	0	2000	212	1491	NoChange	1	2	0	2000
207	12	35	3	4	0	2000	201	739	NoChange	1	6	0	2000
207	12	36	1	6	1	2000	202	953	2115	3	4	0	2000
207	12	37	4	4	1	2000	202	830	72	1	6	1	2000
207	12	38	4	6	0	2000	201	1032	NoChange	4	4	1	2000
207	12	39	3	6	1	2000	202	698	70	4	6	0	2000
207	12	40	3	2	1	2000	202	793	71	3	6	1	2000
207	12	41	3	4	1	2000	202	845	72	3	2	1	2000
207	12	42	2	2	0	2000	201	2751	NoChange	3	4	1	2000
207	12	43	2	6	1	2000	202	805	71	2	2	0	2000
207	12	44	3	4	0	2000	201	1552	NoChange	2	6	1	2000
207	12	45	3	6	0	2000	212	918	NoChange	3	4	0	2000
207	12	46	2	4	1	2000	202	764	72	3	6	0	2000
207	12	47	1	4	0	2000	201	945	NoChange	2	4	1	2000
207	12	48	1	2	1	2000	202	631	2160	1	4	0	2000
