#subject	block	trial	condition	setsize	change	time	responses	time	Pic	prev_condition	prev_setsize	prev_change	prev_time
108	1	1	2	6	1	2000	202	754	1	0	0	0	
108	1	2	3	6	0	2000	201	711	NoChange	2	6	1	2000
108	1	3	1	4	0	2000	212	742	NoChange	3	6	0	2000
108	1	4	2	6	1	2000	202	740	2	1	4	0	2000
108	1	5	2	4	0	2000	201	746	NoChange	2	6	1	2000
108	1	6	3	4	0	2000	201	1024	NoChange	2	4	0	2000
108	1	7	1	6	0	2000	212	1042	NoChange	3	4	0	2000
108	1	8	4	6	0	2000	201	836	NoChange	1	6	0	2000
108	1	9	3	6	0	2000	212	1350	NoChange	4	6	0	2000
108	1	10	4	4	1	2000	202	1291	1	3	6	0	2000
108	1	11	2	2	0	2000	212	2572	NoChange	4	4	1	2000
108	1	12	3	6	1	2000	211	1521	1	2	2	0	2000
108	1	13	4	2	1	2000	202	880	2	3	6	1	2000
108	1	14	3	2	1	2000	211	1032	2	4	2	1	2000
108	1	15	2	4	1	2000	202	706	3	3	2	1	2000
108	1	16	4	6	1	2000	202	777	3	2	4	1	2000
108	1	17	4	4	0	2000	201	854	NoChange	4	6	1	2000
108	1	18	1	6	0	2000	201	1007	NoChange	4	4	0	2000
108	1	19	2	2	1	2000	202	1122	4	1	6	0	2000
108	1	20	4	6	0	2000	201	801	NoChange	2	2	1	2000
108	1	21	3	6	1	2000	202	1180	3	4	6	0	2000
108	1	22	3	4	1	2000	202	1001	4	3	6	1	2000
108	1	23	2	2	1	2000	202	748	5	3	4	1	2000
108	1	24	1	2	0	2000	201	1138	NoChange	2	2	1	2000
108	1	25	1	4	0	2000	201	1040	NoChange	1	2	0	2000
108	1	26	3	2	0	2000	201	890	NoChange	1	4	0	2000
108	1	27	1	2	0	2000	201	618	NoChange	3	2	0	2000
108	1	28	2	6	0	2000	201	1076	NoChange	1	2	0	2000
108	1	29	1	6	1	2000	202	589	115	2	6	0	2000
108	1	30	1	4	1	2000	202	568	120	1	6	1	2000
108	1	31	2	2	0	2000	201	901	NoChange	1	4	1	2000
108	1	32	2	4	0	2000	201	1308	NoChange	2	2	0	2000
108	1	33	3	2	0	2000	201	659	NoChange	2	4	0	2000
108	1	34	1	4	1	2000	202	717	133	3	2	0	2000
108	1	35	4	6	1	2000	202	611	4	1	4	1	2000
108	1	36	4	2	0	2000	201	614	NoChange	4	6	1	2000
108	1	37	3	4	0	2000	201	761	NoChange	4	2	0	2000
108	1	38	4	2	0	2000	201	630	NoChange	3	4	0	2000
108	1	39	4	4	0	2000	201	1105	NoChange	4	2	0	2000
108	1	40	3	2	1	2000	202	744	5	4	4	0	2000
108	1	41	2	6	0	2000	201	750	NoChange	3	2	1	2000
108	1	42	3	4	1	2000	202	827	6	2	6	0	2000
108	1	43	2	4	1	2000	202	990	6	3	4	1	2000
108	1	44	4	2	1	2000	202	1098	5	2	4	1	2000
108	1	45	1	6	1	2000	202	754	171	4	2	1	2000
108	1	46	1	2	1	2000	202	1103	174	1	6	1	2000
108	1	47	4	4	1	2000	202	1190	6	1	2	1	2000
108	1	48	1	2	1	2000	202	666	180	4	4	1	2000
108	2	1	4	6	0	2000	201	936	NoChange	0	0	0	
108	2	2	3	2	0	2000	201	526	NoChange	4	6	0	2000
108	2	3	4	2	1	2000	202	860	7	3	2	0	2000
108	2	4	3	2	0	2000	201	774	NoChange	4	2	1	2000
108	2	5	3	4	0	2000	212	778	NoChange	3	2	0	2000
108	2	6	1	4	0	2000	201	551	NoChange	3	4	0	2000
108	2	7	3	6	1	2000	211	1236	7	1	4	0	2000
108	2	8	1	6	1	2000	202	630	211	3	6	1	2000
108	2	9	4	4	1	2000	202	744	8	1	6	1	2000
108	2	10	2	4	0	2000	201	926	NoChange	4	4	1	2000
108	2	11	1	6	0	2000	201	1021	NoChange	2	4	0	2000
108	2	12	1	4	1	2000	202	583	229	1	6	0	2000
108	2	13	2	6	0	2000	201	771	NoChange	1	4	1	2000
108	2	14	3	4	1	2000	202	1111	8	2	6	0	2000
108	2	15	4	2	0	2000	201	543	NoChange	3	4	1	2000
108	2	16	3	2	1	2000	202	1540	9	4	2	0	2000
108	2	17	3	6	1	2000	202	819	10	3	2	1	2000
108	2	18	2	6	1	2000	211	773	7	3	6	1	2000
108	2	19	1	2	0	2000	201	578	NoChange	2	6	1	2000
108	2	20	1	6	0	2000	212	774	NoChange	1	2	0	2000
108	2	21	4	4	0	2000	201	507	NoChange	1	6	0	2000
108	2	22	1	4	0	2000	212	1362	NoChange	4	4	0	2000
108	2	23	4	6	1	2000	202	759	9	1	4	0	2000
108	2	24	3	2	1	2000	202	964	11	4	6	1	2000
108	2	25	2	2	0	2000	201	569	NoChange	3	2	1	2000
108	2	26	2	4	0	2000	201	822	NoChange	2	2	0	2000
108	2	27	4	2	1	2000	202	520	10	2	4	0	2000
108	2	28	4	6	0	2000	201	1063	NoChange	4	2	1	2000
108	2	29	4	4	1	2000	202	544	11	4	6	0	2000
108	2	30	1	2	0	2000	201	510	NoChange	4	4	1	2000
108	2	31	2	4	1	2000	211	1949	8	1	2	0	2000
108	2	32	3	4	0	2000	201	515	NoChange	2	4	1	2000
108	2	33	3	6	0	2000	201	490	NoChange	3	4	0	2000
108	2	34	2	6	1	2000	211	1377	9	3	6	0	2000
108	2	35	4	6	1	2000	202	1030	12	2	6	1	2000
108	2	36	3	4	1	2000	211	1153	12	4	6	1	2000
108	2	37	1	4	1	2000	202	726	322	3	4	1	2000
108	2	38	3	6	0	2000	201	1189	NoChange	1	4	1	2000
108	2	39	2	6	0	2000	201	841	NoChange	3	6	0	2000
108	2	40	2	2	0	2000	201	585	NoChange	2	6	0	2000
108	2	41	4	4	0	2000	201	685	NoChange	2	2	0	2000
108	2	42	4	2	0	2000	201	733	NoChange	4	4	0	2000
108	2	43	2	2	1	2000	202	723	10	4	2	0	2000
108	2	44	1	2	1	2000	202	657	346	2	2	1	2000
108	2	45	1	6	1	2000	202	722	353	1	2	1	2000
108	2	46	2	2	1	2000	202	857	11	1	6	1	2000
108	2	47	1	2	1	2000	202	922	357	2	2	1	2000
108	2	48	2	4	1	2000	202	936	12	1	2	1	2000
108	3	1	3	6	1	2000	211	1009	13	0	0	0	
108	3	2	4	6	0	2000	201	700	NoChange	3	6	1	2000
108	3	3	2	6	0	2000	201	708	NoChange	4	6	0	2000
108	3	4	3	4	1	2000	211	1115	14	2	6	0	2000
108	3	5	1	2	1	2000	202	577	383	3	4	1	2000
108	3	6	4	4	1	2000	202	630	13	1	2	1	2000
108	3	7	1	6	1	2000	202	584	393	4	4	1	2000
108	3	8	4	4	1	2000	202	788	14	1	6	1	2000
108	3	9	2	2	1	2000	202	688	13	4	4	1	2000
108	3	10	1	2	0	2000	201	680	NoChange	2	2	1	2000
108	3	11	4	6	0	2000	201	856	NoChange	1	2	0	2000
108	3	12	2	6	1	2000	211	593	14	4	6	0	2000
108	3	13	4	2	1	2000	202	629	15	2	6	1	2000
108	3	14	3	4	1	2000	211	704	15	4	2	1	2000
108	3	15	4	6	1	2000	202	639	16	3	4	1	2000
108	3	16	3	2	0	2000	201	481	NoChange	4	6	1	2000
108	3	17	1	6	0	2000	201	657	NoChange	3	2	0	2000
108	3	18	4	4	0	2000	201	634	NoChange	1	6	0	2000
108	3	19	1	2	1	2000	202	500	434	4	4	0	2000
108	3	20	1	4	1	2000	202	1011	439	1	2	1	2000
108	3	21	3	4	0	2000	201	454	NoChange	1	4	1	2000
108	3	22	2	6	0	2000	201	631	NoChange	3	4	0	2000
108	3	23	2	4	1	2000	202	962	15	2	6	0	2000
108	3	24	2	2	1	2000	211	615	16	2	4	1	2000
108	3	25	3	6	0	2000	201	521	NoChange	2	2	1	2000
108	3	26	1	6	0	2000	201	712	NoChange	3	6	0	2000
108	3	27	1	4	0	2000	201	599	NoChange	1	6	0	2000
108	3	28	2	4	0	2000	201	578	NoChange	1	4	0	2000
108	3	29	2	2	0	2000	201	447	NoChange	2	4	0	2000
108	3	30	1	6	1	2000	202	640	482	2	2	0	2000
108	3	31	3	2	0	2000	201	506	NoChange	1	6	1	2000
108	3	32	3	4	0	2000	201	641	NoChange	3	2	0	2000
108	3	33	2	4	1	2000	202	1155	17	3	4	0	2000
108	3	34	2	6	1	2000	202	952	18	2	4	1	2000
108	3	35	2	4	0	2000	201	646	NoChange	2	6	1	2000
108	3	36	3	6	0	2000	201	1103	NoChange	2	4	0	2000
108	3	37	4	4	0	2000	201	543	NoChange	3	6	0	2000
108	3	38	2	2	0	2000	201	604	NoChange	4	4	0	2000
108	3	39	1	4	1	2000	202	631	517	2	2	0	2000
108	3	40	3	6	1	2000	211	593	16	1	4	1	2000
108	3	41	1	2	0	2000	201	541	NoChange	3	6	1	2000
108	3	42	4	2	0	2000	201	1107	NoChange	1	2	0	2000
108	3	43	4	6	1	2000	202	818	17	4	2	0	2000
108	3	44	1	4	0	2000	201	1557	NoChange	4	6	1	2000
108	3	45	3	2	1	2000	211	562	17	1	4	0	2000
108	3	46	4	2	0	2000	201	463	NoChange	3	2	1	2000
108	3	47	3	2	1	2000	202	616	18	4	2	0	2000
108	3	48	4	2	1	2000	202	1099	18	3	2	1	2000
108	4	1	4	2	1	2000	202	629	19	0	0	0	
108	4	2	3	6	1	2000	211	831	19	4	2	1	2000
108	4	3	2	6	1	2000	202	521	19	3	6	1	2000
108	4	4	3	6	1	2000	211	784	20	2	6	1	2000
108	4	5	2	2	1	2000	202	684	20	3	6	1	2000
108	4	6	1	2	1	2000	202	492	560	2	2	1	2000
108	4	7	4	6	1	2000	202	515	20	1	2	1	2000
108	4	8	1	6	1	2000	211	834	572	4	6	1	2000
108	4	9	3	2	0	2000	201	1300	NoChange	1	6	1	2000
108	4	10	2	2	0	2000	201	555	NoChange	3	2	0	2000
108	4	11	2	4	0	2000	201	632	NoChange	2	2	0	2000
108	4	12	1	2	1	2000	202	618	583	2	4	0	2000
108	4	13	2	4	1	2000	202	548	21	1	2	1	2000
108	4	14	2	4	1	2000	211	601	22	2	4	1	2000
108	4	15	2	6	0	2000	212	573	NoChange	2	4	1	2000
108	4	16	3	2	1	2000	202	737	21	2	6	0	2000
108	4	17	1	2	0	2000	212	679	NoChange	3	2	1	2000
108	4	18	4	4	1	2000	211	1007	21	1	2	0	2000
108	4	19	4	2	0	2000	201	1603	NoChange	4	4	1	2000
108	4	20	1	2	0	2000	201	1070	NoChange	4	2	0	2000
108	4	21	4	4	0	2000	201	711	NoChange	1	2	0	2000
108	4	22	1	4	1	2000	202	1214	614	4	4	0	2000
108	4	23	3	4	1	2000	202	657	22	1	4	1	2000
108	4	24	3	4	0	2000	201	554	NoChange	3	4	1	2000
108	4	25	4	4	0	2000	201	559	NoChange	3	4	0	2000
108	4	26	1	4	1	2000	202	564	630	4	4	0	2000
108	4	27	3	2	1	2000	202	714	23	1	4	1	2000
108	4	28	3	2	0	2000	201	521	NoChange	3	2	1	2000
108	4	29	3	6	0	2000	212	671	NoChange	3	2	0	2000
108	4	30	1	6	0	2000	201	664	NoChange	3	6	0	2000
108	4	31	4	2	1	2000	202	577	22	1	6	0	2000
108	4	32	3	6	0	2000	201	685	NoChange	4	2	1	2000
108	4	33	4	6	1	2000	202	701	23	3	6	0	2000
108	4	34	2	2	1	2000	202	556	23	4	6	1	2000
108	4	35	4	2	0	2000	201	961	NoChange	2	2	1	2000
108	4	36	4	4	1	2000	202	686	24	4	2	0	2000
108	4	37	2	4	0	2000	212	1174	NoChange	4	4	1	2000
108	4	38	4	6	0	2000	201	931	NoChange	2	4	0	2000
108	4	39	3	4	1	2000	202	722	24	4	6	0	2000
108	4	40	2	6	1	2000	202	632	24	3	4	1	2000
108	4	41	1	6	1	2000	202	666	688	2	6	1	2000
108	4	42	1	6	0	2000	201	554	NoChange	1	6	1	2000
108	4	43	4	6	0	2000	201	591	NoChange	1	6	0	2000
108	4	44	1	4	0	2000	201	419	NoChange	4	6	0	2000
108	4	45	1	4	0	2000	201	702	NoChange	1	4	0	2000
108	4	46	2	2	0	2000	201	637	NoChange	1	4	0	2000
108	4	47	3	4	0	2000	201	1007	NoChange	2	2	0	2000
108	4	48	2	6	0	2000	201	578	NoChange	3	4	0	2000
108	5	1	3	4	0	2000	201	566	NoChange	0	0	0	
108	5	2	2	2	0	2000	201	723	NoChange	3	4	0	2000
108	5	3	1	6	0	2000	201	545	NoChange	2	2	0	2000
108	5	4	1	4	0	2000	201	583	NoChange	1	6	0	2000
108	5	5	2	2	0	2000	201	523	NoChange	1	4	0	2000
108	5	6	1	6	1	2000	202	433	745	2	2	0	2000
108	5	7	2	6	0	2000	201	715	NoChange	1	6	1	2000
108	5	8	2	2	1	2000	202	1170	25	2	6	0	2000
108	5	9	2	4	1	2000	211	559	26	2	2	1	2000
108	5	10	1	2	1	2000	202	476	758	2	4	1	2000
108	5	11	4	2	1	2000	211	812	25	1	2	1	2000
108	5	12	1	6	1	2000	202	671	766	4	2	1	2000
108	5	13	1	2	1	2000	202	448	769	1	6	1	2000
108	5	14	2	6	1	2000	202	601	27	1	2	1	2000
108	5	15	1	4	0	2000	212	1029	NoChange	2	6	1	2000
108	5	16	4	2	0	2000	201	527	NoChange	1	4	0	2000
108	5	17	2	4	1	2000	202	894	28	4	2	0	2000
108	5	18	2	4	0	2000	201	877	NoChange	2	4	1	2000
108	5	19	1	4	1	2000	202	1694	792	2	4	0	2000
108	5	20	3	6	1	2000	211	846	25	1	4	1	2000
108	5	21	1	2	0	2000	201	408	NoChange	3	6	1	2000
108	5	22	3	6	0	2000	201	1515	NoChange	1	2	0	2000
108	5	23	3	2	1	2000	211	426	26	3	6	0	2000
108	5	24	4	4	0	2000	201	588	NoChange	3	2	1	2000
108	5	25	1	2	0	2000	201	512	NoChange	4	4	0	2000
108	5	26	4	4	1	2000	202	615	26	1	2	0	2000
108	5	27	2	6	1	2000	202	730	29	4	4	1	2000
108	5	28	3	6	1	2000	202	832	27	2	6	1	2000
108	5	29	3	4	1	2000	202	634	28	3	6	1	2000
108	5	30	3	6	0	2000	212	516	NoChange	3	4	1	2000
108	5	31	4	6	0	2000	201	554	NoChange	3	6	0	2000
108	5	32	4	6	1	2000	202	575	27	4	6	0	2000
108	5	33	4	4	0	2000	201	1156	NoChange	4	6	1	2000
108	5	34	3	2	1	2000	202	609	29	4	4	0	2000
108	5	35	2	4	0	2000	201	756	NoChange	3	2	1	2000
108	5	36	3	4	0	2000	201	1169	NoChange	2	4	0	2000
108	5	37	4	2	1	2000	202	670	28	3	4	0	2000
108	5	38	2	2	1	2000	202	774	30	4	2	1	2000
108	5	39	1	6	0	2000	201	2443	NoChange	2	2	1	2000
108	5	40	3	4	1	2000	202	1021	30	1	6	0	2000
108	5	41	3	2	0	2000	212	776	NoChange	3	4	1	2000
108	5	42	4	4	1	2000	202	773	29	3	2	0	2000
108	5	43	2	6	0	2000	201	945	NoChange	4	4	1	2000
108	5	44	3	2	0	2000	201	855	NoChange	2	6	0	2000
108	5	45	4	2	0	2000	201	784	NoChange	3	2	0	2000
108	5	46	4	6	1	2000	202	508	30	4	2	0	2000
108	5	47	1	4	1	2000	202	883	894	4	6	1	2000
108	5	48	4	6	0	2000	201	611	NoChange	1	4	1	2000
108	6	1	2	6	0	2000	201	914	NoChange	0	0	0	
108	6	2	3	6	1	2000	211	905	31	2	6	0	2000
108	6	3	2	2	0	2000	201	520	NoChange	3	6	1	2000
108	6	4	1	2	1	2000	202	567	916	2	2	0	2000
108	6	5	4	2	0	2000	201	563	NoChange	1	2	1	2000
108	6	6	2	4	1	2000	202	920	31	4	2	0	2000
108	6	7	1	4	0	2000	201	487	NoChange	2	4	1	2000
108	6	8	2	6	1	2000	202	887	32	1	4	0	2000
108	6	9	4	6	1	2000	202	678	31	2	6	1	2000
108	6	10	1	6	0	2000	201	599	NoChange	4	6	1	2000
108	6	11	4	6	1	2000	202	666	32	1	6	0	2000
108	6	12	4	2	0	2000	201	578	NoChange	4	6	1	2000
108	6	13	1	6	1	2000	202	607	955	4	2	0	2000
108	6	14	2	2	0	2000	201	538	NoChange	1	6	1	2000
108	6	15	2	6	1	2000	202	800	33	2	2	0	2000
108	6	16	4	4	1	2000	211	491	33	2	6	1	2000
108	6	17	4	4	0	2000	201	875	NoChange	4	4	1	2000
108	6	18	3	2	0	2000	201	627	NoChange	4	4	0	2000
108	6	19	3	6	0	2000	201	902	NoChange	3	2	0	2000
108	6	20	1	2	0	2000	201	605	NoChange	3	6	0	2000
108	6	21	2	4	0	2000	201	576	NoChange	1	2	0	2000
108	6	22	1	6	0	2000	212	780	NoChange	2	4	0	2000
108	6	23	3	4	0	2000	201	585	NoChange	1	6	0	2000
108	6	24	1	6	1	2000	202	717	1000	3	4	0	2000
108	6	25	3	2	1	2000	202	1163	32	1	6	1	2000
108	6	26	4	4	1	2000	202	744	34	3	2	1	2000
108	6	27	2	4	1	2000	202	822	34	4	4	1	2000
108	6	28	2	4	0	2000	201	449	NoChange	2	4	1	2000
108	6	29	3	2	1	2000	202	1786	33	2	4	0	2000
108	6	30	1	2	1	2000	202	1238	1015	3	2	1	2000
108	6	31	1	2	0	2000	201	1208	NoChange	1	2	1	2000
108	6	32	3	4	1	2000	202	1580	34	1	2	0	2000
108	6	33	1	4	1	2000	202	488	1025	3	4	1	2000
108	6	34	2	2	1	2000	202	584	35	1	4	1	2000
108	6	35	4	6	0	2000	201	628	NoChange	2	2	1	2000
108	6	36	3	6	0	2000	212	582	NoChange	4	6	0	2000
108	6	37	1	4	1	2000	202	626	1043	3	6	0	2000
108	6	38	4	2	1	2000	202	853	35	1	4	1	2000
108	6	39	2	2	1	2000	202	670	36	4	2	1	2000
108	6	40	3	2	0	2000	201	814	NoChange	2	2	1	2000
108	6	41	4	2	1	2000	202	681	36	3	2	0	2000
108	6	42	4	4	0	2000	201	738	NoChange	4	2	1	2000
108	6	43	3	4	1	2000	211	952	35	4	4	0	2000
108	6	44	1	4	0	2000	201	741	NoChange	3	4	1	2000
108	6	45	2	6	0	2000	212	763	NoChange	1	4	0	2000
108	6	46	3	6	1	2000	211	976	36	2	6	0	2000
108	6	47	3	4	0	2000	201	1053	NoChange	3	6	1	2000
108	6	48	4	6	0	2000	212	2582	NoChange	3	4	0	2000
108	7	1	2	2	1	2000	202	583	37	0	0	0	
108	7	2	4	4	0	2000	201	763	NoChange	2	2	1	2000
108	7	3	4	4	1	2000	211	664	37	4	4	0	2000
108	7	4	2	6	0	2000	201	801	NoChange	4	4	1	2000
108	7	5	3	4	0	2000	201	693	NoChange	2	6	0	2000
108	7	6	3	6	0	2000	212	860	NoChange	3	4	0	2000
108	7	7	3	6	0	2000	212	878	NoChange	3	6	0	2000
108	7	8	4	4	0	2000	201	1086	NoChange	3	6	0	2000
108	7	9	3	2	1	2000	202	974	37	4	4	0	2000
108	7	10	1	6	0	2000	201	683	NoChange	3	2	1	2000
108	7	11	2	6	1	2000	202	546	38	1	6	0	2000
108	7	12	2	2	1	2000	202	680	39	2	6	1	2000
108	7	13	2	4	0	2000	201	497	NoChange	2	2	1	2000
108	7	14	2	2	0	2000	201	512	NoChange	2	4	0	2000
108	7	15	1	4	1	2000	202	544	1138	2	2	0	2000
108	7	16	2	4	1	2000	211	701	40	1	4	1	2000
108	7	17	4	2	1	2000	202	716	38	2	4	1	2000
108	7	18	3	2	0	2000	201	547	NoChange	4	2	1	2000
108	7	19	2	6	0	2000	212	769	NoChange	3	2	0	2000
108	7	20	1	2	0	2000	201	405	NoChange	2	6	0	2000
108	7	21	4	6	0	2000	212	608	NoChange	1	2	0	2000
108	7	22	3	2	0	2000	201	683	NoChange	4	6	0	2000
108	7	23	4	2	1	2000	202	883	39	3	2	0	2000
108	7	24	1	4	1	2000	202	547	1166	4	2	1	2000
108	7	25	4	4	1	2000	202	537	40	1	4	1	2000
108	7	26	4	2	0	2000	201	631	NoChange	4	4	1	2000
108	7	27	3	4	0	2000	201	873	NoChange	4	2	0	2000
108	7	28	4	2	0	2000	201	554	NoChange	3	4	0	2000
108	7	29	1	4	0	2000	201	671	NoChange	4	2	0	2000
108	7	30	4	6	1	2000	202	495	41	1	4	0	2000
108	7	31	4	6	0	2000	212	615	NoChange	4	6	1	2000
108	7	32	3	4	1	2000	202	1017	38	4	6	0	2000
108	7	33	3	4	1	2000	202	812	39	3	4	1	2000
108	7	34	1	2	0	2000	201	647	NoChange	3	4	1	2000
108	7	35	2	2	0	2000	201	505	NoChange	1	2	0	2000
108	7	36	3	6	1	2000	202	640	40	2	2	0	2000
108	7	37	1	4	0	2000	201	642	NoChange	3	6	1	2000
108	7	38	2	4	1	2000	211	1164	41	1	4	0	2000
108	7	39	1	2	1	2000	202	489	1217	2	4	1	2000
108	7	40	3	6	1	2000	202	617	41	1	2	1	2000
108	7	41	4	6	1	2000	202	611	42	3	6	1	2000
108	7	42	3	2	1	2000	202	742	42	4	6	1	2000
108	7	43	2	4	0	2000	201	1060	NoChange	3	2	1	2000
108	7	44	2	6	1	2000	211	909	42	2	4	0	2000
108	7	45	1	2	1	2000	202	621	1240	2	6	1	2000
108	7	46	1	6	1	2000	202	1023	1247	1	2	1	2000
108	7	47	1	6	1	2000	202	466	1254	1	6	1	2000
108	7	48	1	6	0	2000	212	602	NoChange	1	6	1	2000
108	8	1	1	2	1	2000	202	573	1263	0	0	0	
108	8	2	4	2	1	2000	202	473	43	1	2	1	2000
108	8	3	2	6	1	2000	211	745	43	4	2	1	2000
108	8	4	3	6	0	2000	201	471	NoChange	2	6	1	2000
108	8	5	3	4	1	2000	211	648	43	3	6	0	2000
108	8	6	1	6	0	2000	212	841	NoChange	3	4	1	2000
108	8	7	3	2	0	2000	201	603	NoChange	1	6	0	2000
108	8	8	1	2	0	2000	212	614	NoChange	3	2	0	2000
108	8	9	1	4	1	2000	202	657	1293	1	2	0	2000
108	8	10	2	4	1	2000	211	571	44	1	4	1	2000
108	8	11	2	4	1	2000	202	583	45	2	4	1	2000
108	8	12	1	6	0	2000	201	563	NoChange	2	4	1	2000
108	8	13	1	6	1	2000	202	608	1312	1	6	0	2000
108	8	14	2	2	0	2000	201	499	NoChange	1	6	1	2000
108	8	15	1	2	1	2000	202	442	1317	2	2	0	2000
108	8	16	4	4	1	2000	202	588	44	1	2	1	2000
108	8	17	4	2	0	2000	201	656	NoChange	4	4	1	2000
108	8	18	2	2	1	2000	202	513	46	4	2	0	2000
108	8	19	3	6	1	2000	211	656	44	2	2	1	2000
108	8	20	4	6	1	2000	211	897	45	3	6	1	2000
108	8	21	1	4	1	2000	202	521	1338	4	6	1	2000
108	8	22	3	2	0	2000	201	1823	NoChange	1	4	1	2000
108	8	23	2	4	0	2000	201	762	NoChange	3	2	0	2000
108	8	24	4	2	1	2000	202	823	46	2	4	0	2000
108	8	25	4	2	0	2000	201	626	NoChange	4	2	1	2000
108	8	26	3	2	1	2000	211	596	45	4	2	0	2000
108	8	27	4	6	0	2000	201	680	NoChange	3	2	1	2000
108	8	28	2	6	0	2000	201	873	NoChange	4	6	0	2000
108	8	29	4	4	1	2000	202	1985	47	2	6	0	2000
108	8	30	1	2	0	2000	201	541	NoChange	4	4	1	2000
108	8	31	2	6	0	2000	201	811	NoChange	1	2	0	2000
108	8	32	3	2	1	2000	202	990	46	2	6	0	2000
108	8	33	1	6	1	2000	202	1146	1379	3	2	1	2000
108	8	34	2	2	1	2000	202	960	47	1	6	1	2000
108	8	35	4	6	1	2000	202	550	48	2	2	1	2000
108	8	36	3	4	1	2000	202	2211	47	4	6	1	2000
108	8	37	3	6	1	2000	202	454	48	3	4	1	2000
108	8	38	4	4	0	2000	212	1479	NoChange	3	6	1	2000
108	8	39	4	6	0	2000	201	2456	NoChange	4	4	0	2000
108	8	40	4	4	0	2000	201	730	NoChange	4	6	0	2000
108	8	41	2	6	1	2000	202	616	48	4	4	0	2000
108	8	42	1	4	0	2000	201	675	NoChange	2	6	1	2000
108	8	43	3	4	0	2000	201	643	NoChange	1	4	0	2000
108	8	44	3	4	0	2000	212	733	NoChange	3	4	0	2000
108	8	45	3	6	0	2000	201	523	NoChange	3	4	0	2000
108	8	46	2	2	0	2000	201	977	NoChange	3	6	0	2000
108	8	47	2	4	0	2000	201	630	NoChange	2	2	0	2000
108	8	48	1	4	0	2000	201	729	NoChange	2	4	0	2000
108	9	1	1	6	1	2000	202	444	1447	0	0	0	
108	9	2	2	6	1	2000	202	542	49	1	6	1	2000
108	9	3	2	6	0	2000	212	588	NoChange	2	6	1	2000
108	9	4	1	4	0	2000	212	591	NoChange	2	6	0	2000
108	9	5	2	6	1	2000	202	851	50	1	4	0	2000
108	9	6	2	4	0	2000	201	1092	NoChange	2	6	1	2000
108	9	7	1	4	0	2000	201	540	NoChange	2	4	0	2000
108	9	8	2	4	1	2000	202	586	51	1	4	0	2000
108	9	9	4	4	1	2000	211	942	49	2	4	1	2000
108	9	10	4	4	1	2000	202	556	50	4	4	1	2000
108	9	11	4	4	0	2000	201	561	NoChange	4	4	1	2000
108	9	12	4	6	0	2000	201	502	NoChange	4	4	0	2000
108	9	13	1	6	1	2000	202	525	1501	4	6	0	2000
108	9	14	1	4	1	2000	202	611	1506	1	6	1	2000
108	9	15	4	2	0	2000	201	567	NoChange	1	4	1	2000
108	9	16	2	6	0	2000	201	1427	NoChange	4	2	0	2000
108	9	17	4	4	0	2000	212	1246	NoChange	2	6	0	2000
108	9	18	1	4	1	2000	202	544	1523	4	4	0	2000
108	9	19	3	4	0	2000	201	830	NoChange	1	4	1	2000
108	9	20	3	2	1	2000	202	760	49	3	4	0	2000
108	9	21	4	2	1	2000	202	533	51	3	2	1	2000
108	9	22	2	4	1	2000	202	683	52	4	2	1	2000
108	9	23	3	6	0	2000	201	987	NoChange	2	4	1	2000
108	9	24	2	2	0	2000	201	655	NoChange	3	6	0	2000
108	9	25	3	4	1	2000	211	616	50	2	2	0	2000
108	9	26	1	2	0	2000	201	1410	NoChange	3	4	1	2000
108	9	27	4	6	0	2000	212	830	NoChange	1	2	0	2000
108	9	28	1	2	0	2000	201	600	NoChange	4	6	0	2000
108	9	29	3	6	0	2000	212	3587	NoChange	1	2	0	2000
108	9	30	2	2	1	2000	202	544	53	3	6	0	2000
108	9	31	4	6	1	2000	202	782	52	2	2	1	2000
108	9	32	3	2	0	2000	201	674	NoChange	4	6	1	2000
108	9	33	3	2	1	2000	202	1610	51	3	2	0	2000
108	9	34	3	4	1	2000	211	534	52	3	2	1	2000
108	9	35	3	6	1	2000	211	716	53	3	4	1	2000
108	9	36	1	6	0	2000	201	770	NoChange	3	6	1	2000
108	9	37	1	2	1	2000	202	535	1585	1	6	0	2000
108	9	38	2	2	1	2000	202	740	54	1	2	1	2000
108	9	39	1	6	0	2000	201	906	NoChange	2	2	1	2000
108	9	40	4	6	1	2000	202	497	53	1	6	0	2000
108	9	41	3	4	0	2000	201	561	NoChange	4	6	1	2000
108	9	42	1	2	1	2000	202	718	1604	3	4	0	2000
108	9	43	2	2	0	2000	201	525	NoChange	1	2	1	2000
108	9	44	4	2	1	2000	202	675	54	2	2	0	2000
108	9	45	4	2	0	2000	212	628	NoChange	4	2	1	2000
108	9	46	3	2	0	2000	201	1206	NoChange	4	2	0	2000
108	9	47	2	4	0	2000	201	402	NoChange	3	2	0	2000
108	9	48	3	6	1	2000	211	1045	54	2	4	0	2000
108	10	1	2	2	1	2000	202	591	55	0	0	0	
108	10	2	2	6	1	2000	202	594	56	2	2	1	2000
108	10	3	4	6	1	2000	202	526	55	2	6	1	2000
108	10	4	3	2	1	2000	202	636	55	4	6	1	2000
108	10	5	2	6	0	2000	212	542	NoChange	3	2	1	2000
108	10	6	3	2	0	2000	201	860	NoChange	2	6	0	2000
108	10	7	3	4	1	2000	202	717	56	3	2	0	2000
108	10	8	1	4	0	2000	201	564	NoChange	3	4	1	2000
108	10	9	1	4	1	2000	202	489	1652	1	4	0	2000
108	10	10	4	2	0	2000	201	1089	NoChange	1	4	1	2000
108	10	11	1	6	0	2000	212	688	NoChange	4	2	0	2000
108	10	12	4	6	0	2000	201	552	NoChange	1	6	0	2000
108	10	13	4	4	1	2000	202	493	56	4	6	0	2000
108	10	14	1	2	1	2000	202	421	1672	4	4	1	2000
108	10	15	2	2	1	2000	202	712	57	1	2	1	2000
108	10	16	3	4	0	2000	201	599	NoChange	2	2	1	2000
108	10	17	1	6	0	2000	201	634	NoChange	3	4	0	2000
108	10	18	2	4	0	2000	201	772	NoChange	1	6	0	2000
108	10	19	3	6	1	2000	202	704	57	2	4	0	2000
108	10	20	2	4	1	2000	211	663	58	3	6	1	2000
108	10	21	3	6	1	2000	202	504	58	2	4	1	2000
108	10	22	2	2	0	2000	201	551	NoChange	3	6	1	2000
108	10	23	3	2	1	2000	202	1069	59	2	2	0	2000
108	10	24	3	4	1	2000	211	1069	60	3	2	1	2000
108	10	25	3	6	0	2000	201	1206	NoChange	3	4	1	2000
108	10	26	4	2	1	2000	202	457	57	3	6	0	2000
108	10	27	1	2	0	2000	201	522	NoChange	4	2	1	2000
108	10	28	3	4	0	2000	201	1097	NoChange	1	2	0	2000
108	10	29	1	4	1	2000	202	561	1724	3	4	0	2000
108	10	30	4	2	1	2000	202	598	58	1	4	1	2000
108	10	31	1	6	1	2000	202	545	1732	4	2	1	2000
108	10	32	2	4	0	2000	201	599	NoChange	1	6	1	2000
108	10	33	4	6	1	2000	202	506	59	2	4	0	2000
108	10	34	3	2	0	2000	201	601	NoChange	4	6	1	2000
108	10	35	4	6	0	2000	201	1341	NoChange	3	2	0	2000
108	10	36	1	2	0	2000	201	683	NoChange	4	6	0	2000
108	10	37	4	4	0	2000	212	586	NoChange	1	2	0	2000
108	10	38	1	4	0	2000	212	518	NoChange	4	4	0	2000
108	10	39	2	4	1	2000	202	573	59	1	4	0	2000
108	10	40	1	6	1	2000	202	673	1769	2	4	1	2000
108	10	41	1	2	1	2000	202	465	1772	1	6	1	2000
108	10	42	4	2	0	2000	201	610	NoChange	1	2	1	2000
108	10	43	2	2	0	2000	201	429	NoChange	4	2	0	2000
108	10	44	4	4	0	2000	212	703	NoChange	2	2	0	2000
108	10	45	2	6	0	2000	212	1199	NoChange	4	4	0	2000
108	10	46	4	4	1	2000	202	482	60	2	6	0	2000
108	10	47	3	6	0	2000	201	738	NoChange	4	4	1	2000
108	10	48	2	6	1	2000	202	527	60	3	6	0	2000
108	11	1	4	2	1	2000	202	616	61	0	0	0	
108	11	2	3	6	0	2000	212	643	NoChange	4	2	1	2000
108	11	3	4	6	0	2000	201	500	NoChange	3	6	0	2000
108	11	4	3	4	1	2000	202	572	61	4	6	0	2000
108	11	5	2	6	1	2000	202	496	61	3	4	1	2000
108	11	6	3	6	1	2000	211	624	62	2	6	1	2000
108	11	7	3	4	1	2000	202	978	63	3	6	1	2000
108	11	8	2	2	0	2000	201	711	NoChange	3	4	1	2000
108	11	9	4	6	1	2000	211	646	62	2	2	0	2000
108	11	10	4	4	0	2000	201	1232	NoChange	4	6	1	2000
108	11	11	3	4	0	2000	201	922	NoChange	4	4	0	2000
108	11	12	2	2	0	2000	201	616	NoChange	3	4	0	2000
108	11	13	4	4	1	2000	202	915	63	2	2	0	2000
108	11	14	1	4	0	2000	201	625	NoChange	4	4	1	2000
108	11	15	1	2	0	2000	201	436	NoChange	1	4	0	2000
108	11	16	1	6	0	2000	201	653	NoChange	1	2	0	2000
108	11	17	3	2	1	2000	202	743	64	1	6	0	2000
108	11	18	1	4	0	2000	201	532	NoChange	3	2	1	2000
108	11	19	4	2	0	2000	201	514	NoChange	1	4	0	2000
108	11	20	1	2	1	2000	202	489	1871	4	2	0	2000
108	11	21	4	2	1	2000	202	569	64	1	2	1	2000
108	11	22	2	4	0	2000	201	549	NoChange	4	2	1	2000
108	11	23	3	2	0	2000	201	490	NoChange	2	4	0	2000
108	11	24	2	6	1	2000	211	506	62	3	2	0	2000
108	11	25	1	6	1	2000	202	513	1890	2	6	1	2000
108	11	26	4	4	0	2000	201	584	NoChange	1	6	1	2000
108	11	27	3	4	0	2000	201	436	NoChange	4	4	0	2000
108	11	28	2	2	1	2000	211	702	63	3	4	0	2000
108	11	29	1	2	1	2000	202	541	1902	2	2	1	2000
108	11	30	4	4	1	2000	202	619	65	1	2	1	2000
108	11	31	1	6	0	2000	201	1861	NoChange	4	4	1	2000
108	11	32	2	4	1	2000	202	471	64	1	6	0	2000
108	11	33	3	2	1	2000	202	959	65	2	4	1	2000
108	11	34	1	6	1	2000	202	517	1922	3	2	1	2000
108	11	35	2	6	0	2000	201	675	NoChange	1	6	1	2000
108	11	36	4	6	1	2000	211	843	66	2	6	0	2000
108	11	37	2	2	1	2000	211	717	65	4	6	1	2000
108	11	38	2	4	1	2000	202	516	66	2	2	1	2000
108	11	39	3	2	0	2000	201	514	NoChange	2	4	1	2000
108	11	40	4	6	0	2000	212	561	NoChange	3	2	0	2000
108	11	41	2	4	0	2000	201	630	NoChange	4	6	0	2000
108	11	42	1	2	0	2000	201	489	NoChange	2	4	0	2000
108	11	43	2	6	0	2000	201	856	NoChange	1	2	0	2000
108	11	44	3	6	1	2000	211	674	66	2	6	0	2000
108	11	45	1	4	1	2000	202	578	1967	3	6	1	2000
108	11	46	3	6	0	2000	201	711	NoChange	1	4	1	2000
108	11	47	4	2	0	2000	201	606	NoChange	3	6	0	2000
108	11	48	1	4	1	2000	202	713	1980	4	2	0	2000
108	12	1	2	6	1	2000	202	504	67	0	0	0	
108	12	2	4	6	1	2000	202	536	67	2	6	1	2000
108	12	3	2	6	0	2000	212	565	NoChange	4	6	1	2000
108	12	4	1	6	0	2000	212	850	NoChange	2	6	0	2000
108	12	5	4	4	1	2000	211	819	68	1	6	0	2000
108	12	6	2	2	1	2000	202	493	68	4	4	1	2000
108	12	7	3	6	1	2000	202	469	67	2	2	1	2000
108	12	8	1	6	0	2000	212	542	NoChange	3	6	1	2000
108	12	9	4	6	0	2000	201	635	NoChange	1	6	0	2000
108	12	10	3	4	1	2000	202	773	68	4	6	0	2000
108	12	11	4	4	1	2000	202	626	69	3	4	1	2000
108	12	12	3	6	1	2000	211	692	69	4	4	1	2000
108	12	13	1	2	1	2000	202	644	2037	3	6	1	2000
108	12	14	4	2	1	2000	202	510	70	1	2	1	2000
108	12	15	4	6	0	2000	212	837	NoChange	4	2	1	2000
108	12	16	3	4	1	2000	202	839	70	4	6	0	2000
108	12	17	4	2	1	2000	202	801	71	3	4	1	2000
108	12	18	1	6	1	2000	202	764	2055	4	2	1	2000
108	12	19	2	6	1	2000	202	1009	69	1	6	1	2000
108	12	20	2	4	1	2000	211	516	70	2	6	1	2000
108	12	21	3	2	0	2000	201	659	NoChange	2	4	1	2000
108	12	22	1	2	0	2000	201	460	NoChange	3	2	0	2000
108	12	23	2	2	0	2000	201	477	NoChange	1	2	0	2000
108	12	24	4	2	0	2000	201	949	NoChange	2	2	0	2000
108	12	25	1	2	1	2000	202	586	2074	4	2	0	2000
108	12	26	4	4	0	2000	201	718	NoChange	1	2	1	2000
108	12	27	4	6	1	2000	202	677	72	4	4	0	2000
108	12	28	3	2	1	2000	202	757	71	4	6	1	2000
108	12	29	1	4	0	2000	201	570	NoChange	3	2	1	2000
108	12	30	1	6	1	2000	202	495	2095	1	4	0	2000
108	12	31	3	4	0	2000	201	502	NoChange	1	6	1	2000
108	12	32	3	2	0	2000	201	390	NoChange	3	4	0	2000
108	12	33	4	4	0	2000	201	585	NoChange	3	2	0	2000
108	12	34	1	4	1	2000	211	557	2110	4	4	0	2000
108	12	35	3	6	0	2000	201	554	NoChange	1	4	1	2000
108	12	36	2	6	0	2000	201	903	NoChange	3	6	0	2000
108	12	37	2	4	0	2000	201	2830	NoChange	2	6	0	2000
108	12	38	1	4	0	2000	201	514	NoChange	2	4	0	2000
108	12	39	2	4	1	2000	211	441	71	1	4	0	2000
108	12	40	2	4	0	2000	201	410	NoChange	2	4	1	2000
108	12	41	2	2	1	2000	202	478	72	2	4	0	2000
108	12	42	1	4	1	2000	202	606	2143	2	2	1	2000
108	12	43	1	2	0	2000	201	529	NoChange	1	4	1	2000
108	12	44	3	2	1	2000	211	1503	72	1	2	0	2000
108	12	45	3	6	0	2000	201	623	NoChange	3	2	1	2000
108	12	46	3	4	0	2000	201	625	NoChange	3	6	0	2000
108	12	47	4	2	0	2000	201	388	NoChange	3	4	0	2000
108	12	48	2	2	0	2000	201	464	NoChange	4	2	0	2000
