#subject	block	trial	condition	setsize	change	time	responses	time	Pic	prev_condition	prev_setsize	prev_change	prev_time
216	1	1	1	4	0	2000	212	2595	NoChange	0	0	0	
216	1	2	2	6	0	2000	201	1175	NoChange	1	4	0	2000
216	1	3	3	6	0	2000	201	956	NoChange	2	6	0	2000
216	1	4	1	2	0	2000	201	1297	NoChange	3	6	0	2000
216	1	5	2	4	1	2000	211	1281	1	1	2	0	2000
216	1	6	1	2	0	2000	201	850	NoChange	2	4	1	2000
216	1	7	4	6	0	2000	201	1891	NoChange	1	2	0	2000
216	1	8	1	6	0	2000	201	1131	NoChange	4	6	0	2000
216	1	9	4	6	0	2000	212	1362	NoChange	1	6	0	2000
216	1	10	2	2	1	2000	211	1079	2	4	6	0	2000
216	1	11	2	6	1	2000	202	1632	3	2	2	1	2000
216	1	12	4	2	0	2000	201	1394	NoChange	2	6	1	2000
216	1	13	3	2	1	2000	202	918	1	4	2	0	2000
216	1	14	3	4	1	2000	211	1285	2	3	2	1	2000
216	1	15	1	6	0	2000	201	1325	NoChange	3	4	1	2000
216	1	16	4	2	0	2000	201	1364	NoChange	1	6	0	2000
216	1	17	3	4	1	2000	211	1649	3	4	2	0	2000
216	1	18	4	6	1	2000	202	1066	1	3	4	1	2000
216	1	19	1	2	1	2000	202	1107	72	4	6	1	2000
216	1	20	4	4	0	2000	201	994	NoChange	1	2	1	2000
216	1	21	4	4	1	2000	202	1662	2	4	4	0	2000
216	1	22	1	4	0	2000	201	1256	NoChange	4	4	1	2000
216	1	23	2	4	1	2000	202	1233	4	1	4	0	2000
216	1	24	3	4	0	2000	201	1747	NoChange	2	4	1	2000
216	1	25	3	4	0	2000	201	1713	NoChange	3	4	0	2000
216	1	26	3	6	1	2000	211	1217	4	3	4	0	2000
216	1	27	2	2	0	2000	201	876	NoChange	3	6	1	2000
216	1	28	3	6	1	2000	211	1428	5	2	2	0	2000
216	1	29	4	4	1	2000	202	1255	3	3	6	1	2000
216	1	30	1	6	1	2000	202	1144	116	4	4	1	2000
216	1	31	3	6	0	2000	201	1030	NoChange	1	6	1	2000
216	1	32	3	2	1	2000	202	1177	6	3	6	0	2000
216	1	33	2	6	1	2000	211	1422	5	3	2	1	2000
216	1	34	1	4	1	2000	202	1000	133	2	6	1	2000
216	1	35	3	2	0	2000	201	908	NoChange	1	4	1	2000
216	1	36	2	6	0	2000	201	2955	NoChange	3	2	0	2000
216	1	37	4	6	1	2000	202	1113	4	2	6	0	2000
216	1	38	4	2	1	2000	211	2216	5	4	6	1	2000
216	1	39	2	4	0	2000	201	1043	NoChange	4	2	1	2000
216	1	40	3	2	0	2000	201	989	NoChange	2	4	0	2000
216	1	41	1	4	1	2000	202	1289	158	3	2	0	2000
216	1	42	2	2	1	2000	202	961	6	1	4	1	2000
216	1	43	1	6	1	2000	202	1126	166	2	2	1	2000
216	1	44	4	2	1	2000	211	965	6	1	6	1	2000
216	1	45	1	2	1	2000	202	842	170	4	2	1	2000
216	1	46	2	4	0	2000	201	1124	NoChange	1	2	1	2000
216	1	47	4	4	0	2000	201	4506	NoChange	2	4	0	2000
216	1	48	2	2	0	2000	201	1363	NoChange	4	4	0	2000
216	2	1	4	6	0	2000	212	1068	NoChange	0	0	0	
216	2	2	4	2	1	2000	202	1149	7	4	6	0	2000
216	2	3	1	4	1	2000	202	986	192	4	2	1	2000
216	2	4	4	2	1	2000	202	2414	8	1	4	1	2000
216	2	5	1	6	1	2000	202	1161	200	4	2	1	2000
216	2	6	2	6	0	2000	201	1247	NoChange	1	6	1	2000
216	2	7	4	4	0	2000	201	1049	NoChange	2	6	0	2000
216	2	8	3	4	1	2000	202	1058	7	4	4	0	2000
216	2	9	2	2	1	2000	202	1683	7	3	4	1	2000
216	2	10	4	2	0	2000	201	1139	NoChange	2	2	1	2000
216	2	11	3	6	1	2000	202	3146	8	4	2	0	2000
216	2	12	4	6	0	2000	201	2496	NoChange	3	6	1	2000
216	2	13	3	2	0	2000	201	905	NoChange	4	6	0	2000
216	2	14	3	4	0	2000	201	1336	NoChange	3	2	0	2000
216	2	15	2	2	0	2000	201	1158	NoChange	3	4	0	2000
216	2	16	1	2	0	2000	201	787	NoChange	2	2	0	2000
216	2	17	1	2	1	2000	202	1095	240	1	2	0	2000
216	2	18	1	4	1	2000	202	967	245	1	2	1	2000
216	2	19	3	6	1	2000	202	1156	9	1	4	1	2000
216	2	20	3	2	1	2000	202	1249	10	3	6	1	2000
216	2	21	1	4	0	2000	201	1162	NoChange	3	2	1	2000
216	2	22	2	6	1	2000	211	2280	8	1	4	0	2000
216	2	23	1	6	0	2000	212	1441	NoChange	2	6	1	2000
216	2	24	3	2	1	2000	202	1243	11	1	6	0	2000
216	2	25	2	4	1	2000	202	1749	9	3	2	1	2000
216	2	26	3	2	0	2000	201	1059	NoChange	2	4	1	2000
216	2	27	1	6	1	2000	202	2028	279	3	2	0	2000
216	2	28	1	2	0	2000	201	927	NoChange	1	6	1	2000
216	2	29	4	4	1	2000	202	1517	9	1	2	0	2000
216	2	30	2	2	1	2000	211	1852	10	4	4	1	2000
216	2	31	4	4	1	2000	202	1462	10	2	2	1	2000
216	2	32	2	2	0	2000	201	1247	NoChange	4	4	1	2000
216	2	33	1	6	0	2000	201	1393	NoChange	2	2	0	2000
216	2	34	4	6	1	2000	211	981	11	1	6	0	2000
216	2	35	3	6	0	2000	212	1225	NoChange	4	6	1	2000
216	2	36	3	4	1	2000	211	1660	12	3	6	0	2000
216	2	37	1	4	0	2000	201	846	NoChange	3	4	1	2000
216	2	38	2	6	1	2000	202	1495	11	1	4	0	2000
216	2	39	4	2	0	2000	201	968	NoChange	2	6	1	2000
216	2	40	3	4	0	2000	201	772	NoChange	4	2	0	2000
216	2	41	2	4	0	2000	212	1105	NoChange	3	4	0	2000
216	2	42	4	6	1	2000	202	1192	12	2	4	0	2000
216	2	43	2	4	0	2000	201	1108	NoChange	4	6	1	2000
216	2	44	3	6	0	2000	201	1147	NoChange	2	4	0	2000
216	2	45	2	4	1	2000	202	1537	12	3	6	0	2000
216	2	46	4	4	0	2000	201	927	NoChange	2	4	1	2000
216	2	47	1	2	1	2000	202	1070	354	4	4	0	2000
216	2	48	2	6	0	2000	201	2487	NoChange	1	2	1	2000
216	3	1	4	6	0	2000	201	2230	NoChange	0	0	0	
216	3	2	1	6	0	2000	201	969	NoChange	4	6	0	2000
216	3	3	4	6	1	2000	202	1222	13	1	6	0	2000
216	3	4	4	2	0	2000	201	1193	NoChange	4	6	1	2000
216	3	5	4	6	0	2000	212	1253	NoChange	4	2	0	2000
216	3	6	3	2	0	2000	201	1014	NoChange	4	6	0	2000
216	3	7	2	6	0	2000	201	953	NoChange	3	2	0	2000
216	3	8	3	4	1	2000	211	903	13	2	6	0	2000
216	3	9	2	6	1	2000	202	1326	13	3	4	1	2000
216	3	10	3	2	1	2000	211	724	14	2	6	1	2000
216	3	11	2	2	0	2000	201	811	NoChange	3	2	1	2000
216	3	12	4	2	1	2000	202	990	14	2	2	0	2000
216	3	13	1	2	0	2000	201	770	NoChange	4	2	1	2000
216	3	14	2	2	1	2000	211	991	14	1	2	0	2000
216	3	15	3	6	0	2000	212	1171	NoChange	2	2	1	2000
216	3	16	4	2	1	2000	202	1119	15	3	6	0	2000
216	3	17	3	4	0	2000	201	918	NoChange	4	2	1	2000
216	3	18	1	4	1	2000	202	1820	424	3	4	0	2000
216	3	19	2	6	0	2000	201	1375	NoChange	1	4	1	2000
216	3	20	3	6	1	2000	211	2316	15	2	6	0	2000
216	3	21	3	4	0	2000	201	1163	NoChange	3	6	1	2000
216	3	22	2	2	1	2000	211	1161	15	3	4	0	2000
216	3	23	2	4	1	2000	202	902	16	2	2	1	2000
216	3	24	1	2	1	2000	202	805	446	2	4	1	2000
216	3	25	4	2	0	2000	201	896	NoChange	1	2	1	2000
216	3	26	1	4	1	2000	202	1424	453	4	2	0	2000
216	3	27	4	4	0	2000	201	1131	NoChange	1	4	1	2000
216	3	28	1	2	0	2000	201	1090	NoChange	4	4	0	2000
216	3	29	4	4	1	2000	202	1090	16	1	2	0	2000
216	3	30	4	4	1	2000	202	1690	17	4	4	1	2000
216	3	31	3	2	0	2000	201	1242	NoChange	4	4	1	2000
216	3	32	1	6	1	2000	202	1508	474	3	2	0	2000
216	3	33	1	6	1	2000	202	1843	481	1	6	1	2000
216	3	34	3	6	1	2000	211	1277	16	1	6	1	2000
216	3	35	1	6	0	2000	212	1406	NoChange	3	6	1	2000
216	3	36	1	4	0	2000	201	954	NoChange	1	6	0	2000
216	3	37	3	6	0	2000	201	1287	NoChange	1	4	0	2000
216	3	38	2	4	1	2000	202	1263	17	3	6	0	2000
216	3	39	4	4	0	2000	201	1376	NoChange	2	4	1	2000
216	3	40	3	2	1	2000	202	1669	17	4	4	0	2000
216	3	41	1	4	0	2000	201	1022	NoChange	3	2	1	2000
216	3	42	2	6	1	2000	202	992	18	1	4	0	2000
216	3	43	3	4	1	2000	211	1428	18	2	6	1	2000
216	3	44	2	4	0	2000	201	935	NoChange	3	4	1	2000
216	3	45	2	2	0	2000	201	877	NoChange	2	4	0	2000
216	3	46	2	4	0	2000	201	782	NoChange	2	2	0	2000
216	3	47	1	2	1	2000	202	905	535	2	4	0	2000
216	3	48	4	6	1	2000	211	1145	18	1	2	1	2000
216	4	1	4	2	0	2000	201	947	NoChange	0	0	0	
216	4	2	1	2	1	2000	202	833	545	4	2	0	2000
216	4	3	4	4	0	2000	201	882	NoChange	1	2	1	2000
216	4	4	4	4	1	2000	211	2298	19	4	4	0	2000
216	4	5	2	2	0	2000	201	962	NoChange	4	4	1	2000
216	4	6	3	2	0	2000	201	839	NoChange	2	2	0	2000
216	4	7	4	2	0	2000	201	753	NoChange	3	2	0	2000
216	4	8	3	4	0	2000	212	1527	NoChange	4	2	0	2000
216	4	9	4	4	1	2000	211	1013	20	3	4	0	2000
216	4	10	3	2	1	2000	211	817	19	4	4	1	2000
216	4	11	3	2	1	2000	211	1899	20	3	2	1	2000
216	4	12	4	4	0	2000	212	1875	NoChange	3	2	1	2000
216	4	13	3	4	0	2000	201	716	NoChange	4	4	0	2000
216	4	14	1	2	0	2000	201	1018	NoChange	3	4	0	2000
216	4	15	2	6	1	2000	202	2717	19	1	2	0	2000
216	4	16	3	4	1	2000	211	1924	21	2	6	1	2000
216	4	17	3	6	1	2000	202	987	22	3	4	1	2000
216	4	18	3	6	1	2000	211	935	23	3	6	1	2000
216	4	19	2	4	0	2000	201	677	NoChange	3	6	1	2000
216	4	20	1	6	1	2000	202	1117	606	2	4	0	2000
216	4	21	2	4	1	2000	211	1140	20	1	6	1	2000
216	4	22	1	2	1	2000	202	898	612	2	4	1	2000
216	4	23	2	6	0	2000	201	898	NoChange	1	2	1	2000
216	4	24	4	6	0	2000	201	794	NoChange	2	6	0	2000
216	4	25	1	2	0	2000	201	982	NoChange	4	6	0	2000
216	4	26	2	2	1	2000	202	1033	21	1	2	0	2000
216	4	27	4	6	1	2000	202	1092	21	2	2	1	2000
216	4	28	3	6	0	2000	212	2163	NoChange	4	6	1	2000
216	4	29	3	6	0	2000	201	889	NoChange	3	6	0	2000
216	4	30	2	4	0	2000	201	865	NoChange	3	6	0	2000
216	4	31	1	6	1	2000	211	2778	655	2	4	0	2000
216	4	32	4	6	1	2000	211	2239	22	1	6	1	2000
216	4	33	1	6	0	2000	201	1121	NoChange	4	6	1	2000
216	4	34	1	4	1	2000	202	2160	671	1	6	0	2000
216	4	35	1	4	1	2000	202	886	676	1	4	1	2000
216	4	36	2	6	1	2000	202	1158	22	1	4	1	2000
216	4	37	2	2	0	2000	201	707	NoChange	2	6	1	2000
216	4	38	3	4	1	2000	202	1186	24	2	2	0	2000
216	4	39	4	6	0	2000	201	2150	NoChange	3	4	1	2000
216	4	40	3	2	0	2000	201	1092	NoChange	4	6	0	2000
216	4	41	1	4	0	2000	201	996	NoChange	3	2	0	2000
216	4	42	4	2	1	2000	202	1224	23	1	4	0	2000
216	4	43	4	2	1	2000	202	1210	24	4	2	1	2000
216	4	44	2	2	1	2000	211	1758	23	4	2	1	2000
216	4	45	1	4	0	2000	201	1075	NoChange	2	2	1	2000
216	4	46	2	4	1	2000	211	1020	24	1	4	0	2000
216	4	47	1	6	0	2000	212	1046	NoChange	2	4	1	2000
216	4	48	2	6	0	2000	212	1176	NoChange	1	6	0	2000
216	5	1	4	4	0	2000	201	773	NoChange	0	0	0	
216	5	2	4	4	1	2000	202	1130	25	4	4	0	2000
216	5	3	1	2	0	2000	201	785	NoChange	4	4	1	2000
216	5	4	1	2	1	2000	202	764	732	1	2	0	2000
216	5	5	3	2	1	2000	202	1154	25	1	2	1	2000
216	5	6	3	2	1	2000	211	831	26	3	2	1	2000
216	5	7	4	6	0	2000	201	841	NoChange	3	2	1	2000
216	5	8	2	4	0	2000	201	859	NoChange	4	6	0	2000
216	5	9	1	2	1	2000	202	877	747	2	4	0	2000
216	5	10	1	4	0	2000	201	1341	NoChange	1	2	1	2000
216	5	11	3	4	1	2000	202	1907	27	1	4	0	2000
216	5	12	4	4	0	2000	201	1307	NoChange	3	4	1	2000
216	5	13	2	6	0	2000	212	2698	NoChange	4	4	0	2000
216	5	14	2	2	0	2000	201	858	NoChange	2	6	0	2000
216	5	15	3	4	1	2000	211	2811	28	2	2	0	2000
216	5	16	4	2	0	2000	201	967	NoChange	3	4	1	2000
216	5	17	4	6	1	2000	202	1916	26	4	2	0	2000
216	5	18	4	6	0	2000	201	1531	NoChange	4	6	1	2000
216	5	19	2	6	0	2000	201	2650	NoChange	4	6	0	2000
216	5	20	2	4	0	2000	212	1340	NoChange	2	6	0	2000
216	5	21	2	6	1	2000	202	1314	25	2	4	0	2000
216	5	22	2	2	0	2000	201	793	NoChange	2	6	1	2000
216	5	23	2	2	1	2000	211	2109	26	2	2	0	2000
216	5	24	4	6	1	2000	202	989	27	2	2	1	2000
216	5	25	3	6	1	2000	202	1024	29	4	6	1	2000
216	5	26	3	4	0	2000	201	1531	NoChange	3	6	1	2000
216	5	27	2	4	1	2000	211	922	27	3	4	0	2000
216	5	28	1	4	1	2000	202	736	822	2	4	1	2000
216	5	29	1	2	0	2000	201	918	NoChange	1	4	1	2000
216	5	30	2	4	1	2000	211	2005	28	1	2	0	2000
216	5	31	4	4	1	2000	202	1536	28	2	4	1	2000
216	5	32	3	4	0	2000	201	983	NoChange	4	4	1	2000
216	5	33	1	6	0	2000	201	1763	NoChange	3	4	0	2000
216	5	34	1	4	1	2000	202	1456	845	1	6	0	2000
216	5	35	1	6	0	2000	201	2074	NoChange	1	4	1	2000
216	5	36	2	2	1	2000	202	1251	29	1	6	0	2000
216	5	37	4	2	0	2000	201	1460	NoChange	2	2	1	2000
216	5	38	4	2	1	2000	202	925	29	4	2	0	2000
216	5	39	1	6	1	2000	202	1644	862	4	2	1	2000
216	5	40	3	6	0	2000	201	950	NoChange	1	6	1	2000
216	5	41	3	2	0	2000	201	571	NoChange	3	6	0	2000
216	5	42	4	2	1	2000	202	1168	30	3	2	0	2000
216	5	43	2	6	1	2000	211	1972	30	4	2	1	2000
216	5	44	3	6	1	2000	211	1978	30	2	6	1	2000
216	5	45	3	2	0	2000	201	710	NoChange	3	6	1	2000
216	5	46	1	4	0	2000	201	1278	NoChange	3	2	0	2000
216	5	47	3	6	0	2000	201	1174	NoChange	1	4	0	2000
216	5	48	1	6	1	2000	211	1163	900	3	6	0	2000
216	6	1	4	6	1	2000	211	882	31	0	0	0	
216	6	2	2	4	0	2000	201	594	NoChange	4	6	1	2000
216	6	3	2	6	0	2000	201	790	NoChange	2	4	0	2000
216	6	4	1	2	0	2000	201	1233	NoChange	2	6	0	2000
216	6	5	3	6	1	2000	211	1099	31	1	2	0	2000
216	6	6	2	2	1	2000	202	1131	31	3	6	1	2000
216	6	7	3	2	1	2000	211	1153	32	2	2	1	2000
216	6	8	3	4	0	2000	201	1031	NoChange	3	2	1	2000
216	6	9	4	2	1	2000	202	665	32	3	4	0	2000
216	6	10	2	2	1	2000	202	762	32	4	2	1	2000
216	6	11	4	4	0	2000	201	943	NoChange	2	2	1	2000
216	6	12	3	4	1	2000	211	1509	33	4	4	0	2000
216	6	13	2	4	1	2000	211	1180	33	3	4	1	2000
216	6	14	4	2	0	2000	201	969	NoChange	2	4	1	2000
216	6	15	4	4	1	2000	202	1542	33	4	2	0	2000
216	6	16	2	2	0	2000	201	780	NoChange	4	4	1	2000
216	6	17	3	2	0	2000	201	616	NoChange	2	2	0	2000
216	6	18	2	2	0	2000	201	931	NoChange	3	2	0	2000
216	6	19	4	6	0	2000	201	1825	NoChange	2	2	0	2000
216	6	20	1	6	1	2000	202	908	964	4	6	0	2000
216	6	21	1	2	0	2000	201	635	NoChange	1	6	1	2000
216	6	22	2	4	0	2000	201	749	NoChange	1	2	0	2000
216	6	23	3	6	0	2000	212	842	NoChange	2	4	0	2000
216	6	24	3	4	0	2000	201	876	NoChange	3	6	0	2000
216	6	25	1	4	1	2000	202	1053	985	3	4	0	2000
216	6	26	4	6	1	2000	202	1006	34	1	4	1	2000
216	6	27	3	4	1	2000	202	1361	34	4	6	1	2000
216	6	28	2	4	1	2000	211	2439	34	3	4	1	2000
216	6	29	1	4	1	2000	202	737	1001	2	4	1	2000
216	6	30	2	6	1	2000	202	2135	35	1	4	1	2000
216	6	31	1	4	0	2000	201	669	NoChange	2	6	1	2000
216	6	32	3	6	0	2000	201	862	NoChange	1	4	0	2000
216	6	33	1	6	0	2000	212	1039	NoChange	3	6	0	2000
216	6	34	1	2	1	2000	202	697	1025	1	6	0	2000
216	6	35	4	6	0	2000	201	1273	NoChange	1	2	1	2000
216	6	36	2	6	1	2000	211	1346	36	4	6	0	2000
216	6	37	1	6	0	2000	201	752	NoChange	2	6	1	2000
216	6	38	3	2	1	2000	211	1013	35	1	6	0	2000
216	6	39	4	2	1	2000	202	1152	35	3	2	1	2000
216	6	40	4	2	0	2000	201	813	NoChange	4	2	1	2000
216	6	41	1	2	1	2000	202	1289	1049	4	2	0	2000
216	6	42	2	6	0	2000	201	761	NoChange	1	2	1	2000
216	6	43	4	4	0	2000	201	1430	NoChange	2	6	0	2000
216	6	44	1	6	1	2000	202	1153	1066	4	4	0	2000
216	6	45	3	6	1	2000	211	902	36	1	6	1	2000
216	6	46	1	4	0	2000	201	2405	NoChange	3	6	1	2000
216	6	47	3	2	0	2000	201	1113	NoChange	1	4	0	2000
216	6	48	4	4	1	2000	202	1304	36	3	2	0	2000
216	7	1	2	6	1	2000	202	1980	37	0	0	0	
216	7	2	4	4	0	2000	201	697	NoChange	2	6	1	2000
216	7	3	2	4	1	2000	211	832	38	4	4	0	2000
216	7	4	2	4	0	2000	201	682	NoChange	2	4	1	2000
216	7	5	1	6	0	2000	201	682	NoChange	2	4	0	2000
216	7	6	3	2	0	2000	201	762	NoChange	1	6	0	2000
216	7	7	1	4	0	2000	201	631	NoChange	3	2	0	2000
216	7	8	4	6	1	2000	202	913	37	1	4	0	2000
216	7	9	2	4	0	2000	201	673	NoChange	4	6	1	2000
216	7	10	3	6	0	2000	201	1297	NoChange	2	4	0	2000
216	7	11	3	2	1	2000	202	1289	37	3	6	0	2000
216	7	12	4	2	1	2000	202	857	38	3	2	1	2000
216	7	13	2	2	0	2000	201	979	NoChange	4	2	1	2000
216	7	14	2	2	1	2000	202	2159	39	2	2	0	2000
216	7	15	4	6	0	2000	201	1045	NoChange	2	2	1	2000
216	7	16	4	6	0	2000	201	879	NoChange	4	6	0	2000
216	7	17	3	2	1	2000	202	623	38	4	6	0	2000
216	7	18	1	4	1	2000	202	1186	1146	3	2	1	2000
216	7	19	1	4	0	2000	201	894	NoChange	1	4	1	2000
216	7	20	3	2	0	2000	201	942	NoChange	1	4	0	2000
216	7	21	1	6	0	2000	201	2500	NoChange	3	2	0	2000
216	7	22	4	6	1	2000	202	1147	39	1	6	0	2000
216	7	23	2	4	1	2000	202	977	40	4	6	1	2000
216	7	24	1	6	1	2000	202	3206	1173	2	4	1	2000
216	7	25	1	4	1	2000	202	962	1178	1	6	1	2000
216	7	26	3	6	0	2000	201	1191	NoChange	1	4	1	2000
216	7	27	3	4	0	2000	201	955	NoChange	3	6	0	2000
216	7	28	3	6	1	2000	202	905	39	3	4	0	2000
216	7	29	4	4	1	2000	202	928	40	3	6	1	2000
216	7	30	3	4	0	2000	201	1342	NoChange	4	4	1	2000
216	7	31	3	4	1	2000	202	820	40	3	4	0	2000
216	7	32	2	2	0	2000	201	855	NoChange	3	4	1	2000
216	7	33	4	4	0	2000	201	1408	NoChange	2	2	0	2000
216	7	34	2	6	0	2000	201	1052	NoChange	4	4	0	2000
216	7	35	3	6	1	2000	211	893	41	2	6	0	2000
216	7	36	4	2	0	2000	201	1069	NoChange	3	6	1	2000
216	7	37	1	2	0	2000	201	845	NoChange	4	2	0	2000
216	7	38	3	4	1	2000	211	807	42	1	2	0	2000
216	7	39	2	2	1	2000	211	963	41	3	4	1	2000
216	7	40	4	4	1	2000	211	1112	41	2	2	1	2000
216	7	41	2	6	1	2000	202	799	42	4	4	1	2000
216	7	42	2	6	0	2000	212	994	NoChange	2	6	1	2000
216	7	43	1	2	0	2000	201	942	NoChange	2	6	0	2000
216	7	44	1	6	1	2000	202	836	1251	1	2	0	2000
216	7	45	4	2	0	2000	201	774	NoChange	1	6	1	2000
216	7	46	1	2	1	2000	202	914	1256	4	2	0	2000
216	7	47	4	2	1	2000	202	1330	42	1	2	1	2000
216	7	48	1	2	1	2000	202	768	1260	4	2	1	2000
216	8	1	2	6	0	2000	201	1544	NoChange	0	0	0	
216	8	2	3	2	0	2000	201	606	NoChange	2	6	0	2000
216	8	3	4	6	1	2000	211	1081	43	3	2	0	2000
216	8	4	3	4	1	2000	211	778	43	4	6	1	2000
216	8	5	2	2	0	2000	201	694	NoChange	3	4	1	2000
216	8	6	2	6	0	2000	201	1710	NoChange	2	2	0	2000
216	8	7	1	6	1	2000	202	1037	1291	2	6	0	2000
216	8	8	3	6	1	2000	211	999	44	1	6	1	2000
216	8	9	1	2	1	2000	202	699	1299	3	6	1	2000
216	8	10	1	2	0	2000	201	754	NoChange	1	2	1	2000
216	8	11	2	2	1	2000	211	1047	43	1	2	0	2000
216	8	12	4	4	1	2000	211	1041	44	2	2	1	2000
216	8	13	1	4	0	2000	201	963	NoChange	4	4	1	2000
216	8	14	1	6	1	2000	202	816	1316	1	4	0	2000
216	8	15	3	4	0	2000	201	747	NoChange	1	6	1	2000
216	8	16	4	6	1	2000	211	665	45	3	4	0	2000
216	8	17	1	2	1	2000	202	586	1328	4	6	1	2000
216	8	18	3	4	1	2000	211	1077	45	1	2	1	2000
216	8	19	4	4	0	2000	201	790	NoChange	3	4	1	2000
216	8	20	4	6	0	2000	201	826	NoChange	4	4	0	2000
216	8	21	1	4	1	2000	202	924	1346	4	6	0	2000
216	8	22	1	2	0	2000	201	675	NoChange	1	4	1	2000
216	8	23	1	6	0	2000	201	803	NoChange	1	2	0	2000
216	8	24	4	4	1	2000	202	927	46	1	6	0	2000
216	8	25	4	2	1	2000	202	597	47	4	4	1	2000
216	8	26	3	2	1	2000	211	1393	46	4	2	1	2000
216	8	27	3	6	0	2000	212	2197	NoChange	3	2	1	2000
216	8	28	4	4	0	2000	212	961	NoChange	3	6	0	2000
216	8	29	1	6	0	2000	201	703	NoChange	4	4	0	2000
216	8	30	3	4	0	2000	201	1046	NoChange	1	6	0	2000
216	8	31	2	6	1	2000	202	1032	44	3	4	0	2000
216	8	32	2	4	1	2000	202	834	45	2	6	1	2000
216	8	33	4	6	0	2000	212	1044	NoChange	2	4	1	2000
216	8	34	4	2	0	2000	201	734	NoChange	4	6	0	2000
216	8	35	2	4	0	2000	201	451	NoChange	4	2	0	2000
216	8	36	1	4	1	2000	202	1364	1404	2	4	0	2000
216	8	37	2	4	1	2000	211	865	46	1	4	1	2000
216	8	38	1	4	0	2000	212	1146	NoChange	2	4	1	2000
216	8	39	2	6	1	2000	211	2472	47	1	4	0	2000
216	8	40	3	2	0	2000	201	993	NoChange	2	6	1	2000
216	8	41	3	6	0	2000	212	1021	NoChange	3	2	0	2000
216	8	42	2	4	0	2000	201	656	NoChange	3	6	0	2000
216	8	43	4	2	0	2000	201	1001	NoChange	2	4	0	2000
216	8	44	3	6	1	2000	202	1572	47	4	2	0	2000
216	8	45	2	2	0	2000	201	521	NoChange	3	6	1	2000
216	8	46	4	2	1	2000	202	1183	48	2	2	0	2000
216	8	47	3	2	1	2000	202	1379	48	4	2	1	2000
216	8	48	2	2	1	2000	211	896	48	3	2	1	2000
216	9	1	1	4	0	2000	201	828	NoChange	0	0	0	
216	9	2	1	2	0	2000	201	767	NoChange	1	4	0	2000
216	9	3	4	6	0	2000	212	1723	NoChange	1	2	0	2000
216	9	4	2	2	1	2000	202	1042	49	4	6	0	2000
216	9	5	2	2	1	2000	211	1964	50	2	2	1	2000
216	9	6	2	6	1	2000	211	1146	51	2	2	1	2000
216	9	7	1	2	1	2000	202	680	1462	2	6	1	2000
216	9	8	3	4	0	2000	201	960	NoChange	1	2	1	2000
216	9	9	2	4	1	2000	211	1013	52	3	4	0	2000
216	9	10	2	2	0	2000	201	1097	NoChange	2	4	1	2000
216	9	11	3	6	0	2000	201	1913	NoChange	2	2	0	2000
216	9	12	1	2	0	2000	201	984	NoChange	3	6	0	2000
216	9	13	3	4	1	2000	211	1868	49	1	2	0	2000
216	9	14	3	2	1	2000	202	805	50	3	4	1	2000
216	9	15	1	6	0	2000	201	2480	NoChange	3	2	1	2000
216	9	16	3	2	0	2000	201	1033	NoChange	1	6	0	2000
216	9	17	2	2	0	2000	201	835	NoChange	3	2	0	2000
216	9	18	2	6	0	2000	201	829	NoChange	2	2	0	2000
216	9	19	3	6	1	2000	202	944	51	2	6	0	2000
216	9	20	1	6	1	2000	211	1150	1511	3	6	1	2000
216	9	21	3	4	0	2000	201	1099	NoChange	1	6	1	2000
216	9	22	3	6	0	2000	201	1186	NoChange	3	4	0	2000
216	9	23	4	6	1	2000	211	990	49	3	6	0	2000
216	9	24	1	6	0	2000	212	938	NoChange	4	6	1	2000
216	9	25	4	4	1	2000	211	1792	50	1	6	0	2000
216	9	26	4	2	0	2000	201	844	NoChange	4	4	1	2000
216	9	27	2	4	0	2000	201	814	NoChange	4	2	0	2000
216	9	28	1	6	1	2000	202	1025	1548	2	4	0	2000
216	9	29	4	2	1	2000	211	740	51	1	6	1	2000
216	9	30	2	4	0	2000	201	1562	NoChange	4	2	1	2000
216	9	31	3	2	0	2000	201	1471	NoChange	2	4	0	2000
216	9	32	2	6	0	2000	201	1992	NoChange	3	2	0	2000
216	9	33	4	6	1	2000	202	1309	52	2	6	0	2000
216	9	34	1	2	1	2000	202	868	1569	4	6	1	2000
216	9	35	4	2	1	2000	202	1036	53	1	2	1	2000
216	9	36	3	6	1	2000	211	846	52	4	2	1	2000
216	9	37	4	4	1	2000	202	792	54	3	6	1	2000
216	9	38	4	6	0	2000	201	1020	NoChange	4	4	1	2000
216	9	39	1	4	1	2000	202	783	1589	4	6	0	2000
216	9	40	4	2	0	2000	201	1083	NoChange	1	4	1	2000
216	9	41	3	4	1	2000	202	1011	53	4	2	0	2000
216	9	42	4	4	0	2000	201	966	NoChange	3	4	1	2000
216	9	43	1	4	0	2000	201	802	NoChange	4	4	0	2000
216	9	44	3	2	1	2000	211	1238	54	1	4	0	2000
216	9	45	1	4	1	2000	202	800	1608	3	2	1	2000
216	9	46	2	6	1	2000	202	1187	53	1	4	1	2000
216	9	47	4	4	0	2000	201	1535	NoChange	2	6	1	2000
216	9	48	2	4	1	2000	202	805	54	4	4	0	2000
216	10	1	2	4	1	2000	211	1504	55	0	0	0	
216	10	2	1	2	1	2000	202	655	1626	2	4	1	2000
216	10	3	1	6	1	2000	202	784	1633	1	2	1	2000
216	10	4	2	4	0	2000	201	892	NoChange	1	6	1	2000
216	10	5	1	6	0	2000	212	732	NoChange	2	4	0	2000
216	10	6	4	2	0	2000	201	554	NoChange	1	6	0	2000
216	10	7	1	4	0	2000	201	759	NoChange	4	2	0	2000
216	10	8	3	6	1	2000	211	916	55	1	4	0	2000
216	10	9	2	2	0	2000	201	619	NoChange	3	6	1	2000
216	10	10	2	2	0	2000	201	861	NoChange	2	2	0	2000
216	10	11	4	6	0	2000	201	847	NoChange	2	2	0	2000
216	10	12	3	4	1	2000	202	864	56	4	6	0	2000
216	10	13	1	2	0	2000	201	706	NoChange	3	4	1	2000
216	10	14	3	6	0	2000	201	689	NoChange	1	2	0	2000
216	10	15	1	2	1	2000	202	897	1678	3	6	0	2000
216	10	16	4	4	1	2000	202	728	55	1	2	1	2000
216	10	17	4	6	1	2000	211	1343	56	4	4	1	2000
216	10	18	3	2	0	2000	201	1069	NoChange	4	6	1	2000
216	10	19	4	4	0	2000	201	710	NoChange	3	2	0	2000
216	10	20	3	2	1	2000	202	1141	57	4	4	0	2000
216	10	21	2	2	1	2000	202	1027	56	3	2	1	2000
216	10	22	2	6	0	2000	212	1069	NoChange	2	2	1	2000
216	10	23	4	6	0	2000	201	2470	NoChange	2	6	0	2000
216	10	24	3	2	0	2000	201	1391	NoChange	4	6	0	2000
216	10	25	2	4	0	2000	212	2419	NoChange	3	2	0	2000
216	10	26	1	4	1	2000	202	1054	1717	2	4	0	2000
216	10	27	4	2	0	2000	201	1296	NoChange	1	4	1	2000
216	10	28	3	4	0	2000	201	888	NoChange	4	2	0	2000
216	10	29	4	6	1	2000	202	960	57	3	4	0	2000
216	10	30	4	4	0	2000	201	733	NoChange	4	6	1	2000
216	10	31	2	6	1	2000	202	787	57	4	4	0	2000
216	10	32	1	4	1	2000	202	767	1742	2	6	1	2000
216	10	33	1	2	0	2000	201	971	NoChange	1	4	1	2000
216	10	34	1	6	0	2000	201	720	NoChange	1	2	0	2000
216	10	35	4	2	1	2000	202	1454	58	1	6	0	2000
216	10	36	2	4	1	2000	202	1384	58	4	2	1	2000
216	10	37	2	2	1	2000	202	1548	59	2	4	1	2000
216	10	38	3	2	1	2000	202	1274	58	2	2	1	2000
216	10	39	3	6	0	2000	201	1059	NoChange	3	2	1	2000
216	10	40	2	6	0	2000	201	1044	NoChange	3	6	0	2000
216	10	41	1	6	1	2000	202	950	1775	2	6	0	2000
216	10	42	4	2	1	2000	202	939	59	1	6	1	2000
216	10	43	4	4	1	2000	202	1369	60	4	2	1	2000
216	10	44	3	6	1	2000	211	1382	59	4	4	1	2000
216	10	45	2	6	1	2000	211	1234	60	3	6	1	2000
216	10	46	1	4	0	2000	212	1180	NoChange	2	6	1	2000
216	10	47	3	4	1	2000	211	832	60	1	4	0	2000
216	10	48	3	4	0	2000	201	746	NoChange	3	4	1	2000
216	11	1	4	2	0	2000	201	924	NoChange	0	0	0	
216	11	2	1	6	0	2000	201	1418	NoChange	4	2	0	2000
216	11	3	3	4	0	2000	201	1797	NoChange	1	6	0	2000
216	11	4	4	2	1	2000	202	769	61	3	4	0	2000
216	11	5	4	4	0	2000	201	830	NoChange	4	2	1	2000
216	11	6	3	2	1	2000	202	880	61	4	4	0	2000
216	11	7	3	2	0	2000	201	1353	NoChange	3	2	1	2000
216	11	8	3	2	1	2000	211	790	62	3	2	0	2000
216	11	9	4	2	1	2000	202	770	62	3	2	1	2000
216	11	10	1	6	1	2000	202	951	1829	4	2	1	2000
216	11	11	1	2	0	2000	201	972	NoChange	1	6	1	2000
216	11	12	1	4	1	2000	202	857	1836	1	2	0	2000
216	11	13	4	4	1	2000	202	842	63	1	4	1	2000
216	11	14	2	4	0	2000	201	796	NoChange	4	4	1	2000
216	11	15	3	4	0	2000	201	1016	NoChange	2	4	0	2000
216	11	16	1	4	0	2000	201	634	NoChange	3	4	0	2000
216	11	17	4	6	0	2000	201	812	NoChange	1	4	0	2000
216	11	18	3	4	1	2000	211	791	63	4	6	0	2000
216	11	19	1	2	1	2000	202	635	1863	3	4	1	2000
216	11	20	2	2	0	2000	201	1717	NoChange	1	2	1	2000
216	11	21	4	4	1	2000	211	972	64	2	2	0	2000
216	11	22	4	4	0	2000	201	1840	NoChange	4	4	1	2000
216	11	23	1	6	0	2000	212	1283	NoChange	4	4	0	2000
216	11	24	4	6	1	2000	211	899	65	1	6	0	2000
216	11	25	2	2	1	2000	211	1042	61	4	6	1	2000
216	11	26	1	2	1	2000	202	996	1887	2	2	1	2000
216	11	27	3	6	0	2000	201	776	NoChange	1	2	1	2000
216	11	28	2	4	0	2000	201	844	NoChange	3	6	0	2000
216	11	29	1	6	1	2000	202	982	1904	2	4	0	2000
216	11	30	3	2	0	2000	201	586	NoChange	1	6	1	2000
216	11	31	3	4	1	2000	211	1278	64	3	2	0	2000
216	11	32	3	6	0	2000	201	718	NoChange	3	4	1	2000
216	11	33	2	4	1	2000	211	1549	62	3	6	0	2000
216	11	34	4	6	0	2000	201	1698	NoChange	2	4	1	2000
216	11	35	2	4	1	2000	202	634	63	4	6	0	2000
216	11	36	2	6	0	2000	201	1332	NoChange	2	4	1	2000
216	11	37	2	6	1	2000	202	938	64	2	6	0	2000
216	11	38	3	6	1	2000	202	888	65	2	6	1	2000
216	11	39	2	6	1	2000	211	1072	65	3	6	1	2000
216	11	40	2	6	0	2000	201	800	NoChange	2	6	1	2000
216	11	41	2	2	1	2000	211	2067	66	2	6	0	2000
216	11	42	4	6	1	2000	202	900	66	2	2	1	2000
216	11	43	4	2	0	2000	201	628	NoChange	4	6	1	2000
216	11	44	1	4	1	2000	202	838	1967	4	2	0	2000
216	11	45	2	2	0	2000	201	1096	NoChange	1	4	1	2000
216	11	46	1	2	0	2000	201	936	NoChange	2	2	0	2000
216	11	47	3	6	1	2000	202	950	66	1	2	0	2000
216	11	48	1	4	0	2000	201	691	NoChange	3	6	1	2000
216	12	1	2	2	1	2000	211	1221	67	0	0	0	
216	12	2	1	4	1	2000	202	727	1986	2	2	1	2000
216	12	3	3	6	1	2000	211	1190	67	1	4	1	2000
216	12	4	1	4	0	2000	201	1050	NoChange	3	6	1	2000
216	12	5	3	4	1	2000	211	867	68	1	4	0	2000
216	12	6	2	6	1	2000	211	1828	68	3	4	1	2000
216	12	7	1	6	1	2000	202	895	2010	2	6	1	2000
216	12	8	3	2	0	2000	201	719	NoChange	1	6	1	2000
216	12	9	3	2	1	2000	202	893	69	3	2	0	2000
216	12	10	2	6	0	2000	201	1253	NoChange	3	2	1	2000
216	12	11	3	6	1	2000	202	934	70	2	6	0	2000
216	12	12	4	2	0	2000	201	1068	NoChange	3	6	1	2000
216	12	13	2	6	1	2000	211	909	69	4	2	0	2000
216	12	14	1	6	0	2000	201	748	NoChange	2	6	1	2000
216	12	15	1	2	0	2000	212	1522	NoChange	1	6	0	2000
216	12	16	3	2	1	2000	202	1009	71	1	2	0	2000
216	12	17	2	2	1	2000	202	996	70	3	2	1	2000
216	12	18	2	4	0	2000	212	2176	NoChange	2	2	1	2000
216	12	19	4	4	1	2000	202	1021	67	2	4	0	2000
216	12	20	2	6	0	2000	212	2392	NoChange	4	4	1	2000
216	12	21	1	2	0	2000	201	900	NoChange	2	6	0	2000
216	12	22	3	4	0	2000	201	691	NoChange	1	2	0	2000
216	12	23	4	2	0	2000	201	1347	NoChange	3	4	0	2000
216	12	24	1	2	1	2000	202	601	2065	4	2	0	2000
216	12	25	2	2	0	2000	201	716	NoChange	1	2	1	2000
216	12	26	3	6	0	2000	212	971	NoChange	2	2	0	2000
216	12	27	2	4	0	2000	201	767	NoChange	3	6	0	2000
216	12	28	3	4	0	2000	212	1404	NoChange	2	4	0	2000
216	12	29	4	4	0	2000	201	1431	NoChange	3	4	0	2000
216	12	30	3	2	0	2000	201	785	NoChange	4	4	0	2000
216	12	31	1	4	1	2000	202	1021	2092	3	2	0	2000
216	12	32	4	6	0	2000	201	816	NoChange	1	4	1	2000
216	12	33	1	4	0	2000	201	1922	NoChange	4	6	0	2000
216	12	34	4	6	1	2000	211	1625	68	1	4	0	2000
216	12	35	2	4	1	2000	211	988	71	4	6	1	2000
216	12	36	3	6	0	2000	212	1256	NoChange	2	4	1	2000
216	12	37	4	6	0	2000	212	697	NoChange	3	6	0	2000
216	12	38	4	4	0	2000	201	777	NoChange	4	6	0	2000
216	12	39	1	2	1	2000	202	646	2129	4	4	0	2000
216	12	40	2	2	0	2000	201	495	NoChange	1	2	1	2000
216	12	41	1	6	0	2000	201	767	NoChange	2	2	0	2000
216	12	42	2	4	1	2000	202	876	72	1	6	0	2000
216	12	43	4	2	1	2000	202	1068	69	2	4	1	2000
216	12	44	4	4	1	2000	202	1581	70	4	2	1	2000
216	12	45	4	6	1	2000	202	1514	71	4	4	1	2000
216	12	46	4	2	1	2000	211	713	72	4	6	1	2000
216	12	47	3	4	1	2000	202	1784	72	4	2	1	2000
216	12	48	1	6	1	2000	202	1109	2160	3	4	1	2000
