#subject	block	trial	condition	change	responses	time	prev_condition	prev_change	color
111	1	1	8	0	201	1493	0	0	3
111	1	2	8	1	202	1061	8	0	4
111	1	3	8	0	212	1293	8	1	4
111	1	4	4	0	212	1245	8	0	3
111	1	5	4	1	202	806	4	0	7
111	1	6	2	1	202	728	4	1	4
111	1	7	8	0	212	766	2	1	2
111	1	8	2	1	202	714	8	0	7
111	1	9	4	0	201	768	2	1	8
111	1	10	8	0	212	1572	4	0	4
111	1	11	8	0	212	744	8	0	7
111	1	12	2	0	201	621	8	0	5
111	1	13	4	0	201	703	2	0	5
111	1	14	8	1	202	950	4	0	5
111	1	15	6	0	212	1682	8	1	4
111	1	16	8	1	202	906	6	0	8
111	1	17	8	1	202	1648	8	1	3
111	1	18	2	1	202	937	8	1	6
111	1	19	6	0	212	1150	2	1	4
111	1	20	4	1	202	795	6	0	2
111	1	21	8	1	202	766	4	1	7
111	1	22	6	1	202	2394	8	1	2
111	1	23	2	0	201	950	6	1	7
111	1	24	6	1	202	890	2	0	1
111	1	25	4	0	212	2881	6	1	8
111	1	26	4	0	201	785	4	0	1
111	1	27	6	1	202	1093	4	0	3
111	1	28	8	0	212	1252	6	1	5
111	1	29	4	1	202	932	8	0	1
111	1	30	2	0	201	578	4	1	7
111	1	31	2	0	201	1285	2	0	4
111	1	32	6	0	201	1285	2	0	4
111	1	33	2	1	202	1220	6	0	7
111	1	34	4	1	202	1438	2	1	2
111	1	35	4	1	202	879	4	1	7
111	1	36	6	1	202	1271	4	1	3
111	1	37	8	1	202	1143	6	1	5
111	1	38	4	0	201	1533	8	1	4
111	1	39	2	1	202	882	4	0	4
111	1	40	2	1	202	809	2	1	8
111	1	41	8	1	211	1484	2	1	3
111	1	42	4	1	202	1155	8	1	1
111	1	43	8	0	212	1256	4	1	6
111	1	44	6	0	201	1456	8	0	8
111	1	45	4	0	201	769	6	0	3
111	1	46	6	0	212	997	4	0	4
111	1	47	2	0	201	1008	6	0	7
111	1	48	4	1	202	1451	2	0	5
111	1	49	4	0	201	2108	4	1	1
111	1	50	2	0	201	714	4	0	7
111	1	51	2	1	202	793	2	0	1
111	1	52	6	1	202	1172	2	1	1
111	1	53	6	0	212	1104	6	1	3
111	1	54	6	0	212	1207	6	0	6
111	1	55	8	0	212	1169	6	0	3
111	1	56	6	1	202	1109	8	0	2
111	1	57	6	1	202	756	6	1	8
111	1	58	4	1	202	904	6	1	1
111	1	59	6	0	212	1063	4	1	3
111	1	60	6	1	202	679	6	0	5
111	1	61	2	1	202	655	6	1	1
111	1	62	2	0	201	840	2	1	5
111	1	63	8	1	202	2481	2	0	3
111	1	64	2	0	201	617	8	1	3
111	1	65	8	0	201	931	2	0	6
111	2	1	2	0	201	757	0	0	2
111	2	2	6	1	202	1938	2	0	4
111	2	3	4	0	201	1023	6	1	6
111	2	4	4	0	201	745	4	0	2
111	2	5	2	0	201	702	4	0	5
111	2	6	6	0	201	997	2	0	4
111	2	7	8	0	212	1168	6	0	7
111	2	8	8	1	202	2348	8	0	4
111	2	9	4	0	201	633	8	1	4
111	2	10	8	0	201	1450	4	0	4
111	2	11	4	0	201	2755	8	0	8
111	2	12	2	1	202	1248	4	0	8
111	2	13	6	0	212	1241	2	1	6
111	2	14	6	0	201	938	6	0	6
111	2	15	4	1	202	1031	6	0	8
111	2	16	8	1	202	1017	4	1	7
111	2	17	2	0	201	723	8	1	4
111	2	18	4	0	201	905	2	0	7
111	2	19	8	1	202	2095	4	0	1
111	2	20	6	1	202	775	8	1	4
111	2	21	2	0	201	883	6	1	4
111	2	22	4	1	202	898	2	0	5
111	2	23	6	1	202	1137	4	1	7
111	2	24	4	1	202	886	6	1	5
111	2	25	2	1	202	662	4	1	3
111	2	26	4	0	201	926	2	1	6
111	2	27	6	1	202	740	4	0	7
111	2	28	8	1	202	729	6	1	7
111	2	29	2	1	202	927	8	1	5
111	2	30	2	0	201	669	2	1	7
111	2	31	8	0	201	1437	2	0	7
111	2	32	2	1	202	830	8	0	7
111	2	33	6	1	202	1192	2	1	6
111	2	34	8	0	201	963	6	1	6
111	2	35	8	0	212	2208	8	0	4
111	2	36	6	0	201	1691	8	0	5
111	2	37	2	0	201	738	6	0	8
111	2	38	2	1	202	663	2	0	5
111	2	39	8	0	201	1448	2	1	6
111	2	40	4	1	202	841	8	0	6
111	2	41	4	0	201	1322	4	1	5
111	2	42	6	0	212	944	4	0	1
111	2	43	8	1	202	1101	6	0	8
111	2	44	6	0	201	868	8	1	8
111	2	45	4	0	201	756	6	0	5
111	2	46	4	1	202	688	4	0	4
111	2	47	8	0	212	1704	4	1	3
111	2	48	6	1	202	1270	8	0	2
111	2	49	6	0	212	2166	6	1	6
111	2	50	2	1	202	819	6	0	7
111	2	51	2	1	202	629	2	1	6
111	2	52	4	1	202	806	2	1	4
111	2	53	4	1	202	1193	4	1	6
111	2	54	2	0	201	628	4	1	8
111	2	55	8	1	202	814	2	0	4
111	2	56	4	1	202	656	8	1	7
111	2	57	6	0	201	897	4	1	3
111	2	58	6	1	202	848	6	0	5
111	2	59	6	1	202	1529	6	1	4
111	2	60	2	1	202	695	6	1	2
111	2	61	8	1	202	798	2	1	1
111	2	62	8	1	202	1233	8	1	3
111	2	63	8	0	212	1490	8	1	8
111	2	64	2	0	201	714	8	0	4
111	2	65	2	0	201	552	2	0	4
111	3	1	6	1	202	1023	0	0	5
111	3	2	8	1	202	705	6	1	1
111	3	3	4	0	201	592	8	1	1
111	3	4	4	0	201	1187	4	0	1
111	3	5	6	1	202	3030	4	0	4
111	3	6	6	1	202	1177	6	1	8
111	3	7	8	0	212	1013	6	1	5
111	3	8	2	0	201	503	8	0	7
111	3	9	2	1	202	766	2	0	6
111	3	10	2	0	201	537	2	1	2
111	3	11	4	1	202	1038	2	0	4
111	3	12	2	1	202	920	4	1	3
111	3	13	8	1	202	918	2	1	1
111	3	14	2	1	202	1331	8	1	1
111	3	15	2	1	202	649	2	1	8
111	3	16	8	0	201	737	2	1	1
111	3	17	8	1	202	1830	8	0	4
111	3	18	4	1	202	737	8	1	8
111	3	19	6	0	201	1366	4	1	4
111	3	20	8	0	212	874	6	0	7
111	3	21	6	0	201	570	8	0	7
111	3	22	2	0	201	789	6	0	8
111	3	23	2	0	201	696	2	0	4
111	3	24	4	0	201	680	2	0	7
111	3	25	6	0	212	1079	4	0	4
111	3	26	4	0	201	1503	6	0	3
111	3	27	8	0	201	678	4	0	1
111	3	28	8	0	212	878	8	0	2
111	3	29	6	1	202	942	8	0	8
111	3	30	2	1	202	691	6	1	3
111	3	31	6	1	202	906	2	1	8
111	3	32	4	0	201	968	6	1	2
111	3	33	4	1	202	1052	4	0	8
111	3	34	8	0	212	853	4	1	1
111	3	35	4	0	201	3702	8	0	1
111	3	36	2	0	201	1101	4	0	8
111	3	37	8	0	212	812	2	0	2
111	3	38	2	1	202	846	8	0	4
111	3	39	6	0	212	855	2	1	8
111	3	40	8	1	202	792	6	0	4
111	3	41	2	0	201	867	8	1	6
111	3	42	6	1	202	747	2	0	1
111	3	43	6	0	201	1248	6	1	8
111	3	44	4	1	202	985	6	0	2
111	3	45	2	0	201	772	4	1	3
111	3	46	8	1	202	816	2	0	1
111	3	47	6	1	202	842	8	1	4
111	3	48	2	0	201	635	6	1	4
111	3	49	6	0	201	1932	2	0	2
111	3	50	2	1	202	1105	6	0	8
111	3	51	4	1	202	752	2	1	5
111	3	52	8	1	202	884	4	1	3
111	3	53	8	0	212	1612	8	1	7
111	3	54	4	1	202	782	8	0	7
111	3	55	6	1	202	2330	4	1	3
111	3	56	4	1	202	864	6	1	6
111	3	57	4	1	202	713	4	1	1
111	3	58	4	0	201	639	4	1	6
111	3	59	2	1	202	1072	4	0	8
111	3	60	4	0	201	584	2	1	5
111	3	61	8	1	202	819	4	0	5
111	3	62	8	1	202	813	8	1	5
111	3	63	6	0	201	647	8	1	3
111	3	64	6	0	212	1040	6	0	7
111	3	65	6	1	202	906	6	0	4
111	4	1	8	1	202	951	0	0	8
111	4	2	4	1	202	764	8	1	3
111	4	3	6	0	212	1208	4	1	2
111	4	4	8	0	212	795	6	0	1
111	4	5	6	1	202	646	8	0	1
111	4	6	6	1	202	975	6	1	6
111	4	7	8	1	202	755	6	1	6
111	4	8	8	1	202	815	8	1	4
111	4	9	6	0	212	1089	8	1	4
111	4	10	6	1	202	920	6	0	4
111	4	11	4	0	201	894	6	1	2
111	4	12	2	0	201	541	4	0	2
111	4	13	4	0	201	1739	2	0	1
111	4	14	6	0	212	1320	4	0	4
111	4	15	2	1	202	1030	6	0	4
111	4	16	6	0	201	664	2	1	8
111	4	17	2	0	201	552	6	0	6
111	4	18	8	0	212	2045	2	0	8
111	4	19	4	0	201	582	8	0	8
111	4	20	2	1	202	993	4	0	7
111	4	21	8	1	202	1381	2	1	8
111	4	22	6	1	202	1593	8	1	6
111	4	23	6	0	201	988	6	1	7
111	4	24	8	1	202	1519	6	0	4
111	4	25	4	0	201	829	8	1	6
111	4	26	6	1	202	1031	4	0	2
111	4	27	2	1	202	1177	6	1	2
111	4	28	4	1	202	885	2	1	2
111	4	29	2	1	202	1124	4	1	3
111	4	30	6	1	202	682	2	1	4
111	4	31	2	0	201	873	6	1	1
111	4	32	6	1	202	697	2	0	6
111	4	33	8	0	212	2296	6	1	2
111	4	34	2	1	202	687	8	0	4
111	4	35	8	0	212	1255	2	1	4
111	4	36	8	0	212	1439	8	0	2
111	4	37	2	0	201	521	8	0	1
111	4	38	8	1	202	974	2	0	4
111	4	39	2	0	201	666	8	1	4
111	4	40	2	1	202	746	2	0	4
111	4	41	4	0	212	1255	2	1	1
111	4	42	4	1	202	680	4	0	1
111	4	43	6	1	202	848	4	1	4
111	4	44	4	1	202	2169	6	1	6
111	4	45	8	0	212	837	4	1	7
111	4	46	4	1	202	1534	8	0	7
111	4	47	4	1	202	1260	4	1	6
111	4	48	4	0	212	780	4	1	3
111	4	49	8	1	202	1800	4	0	1
111	4	50	8	0	201	1171	8	1	8
111	4	51	6	0	212	1031	8	0	3
111	4	52	6	0	212	825	6	0	3
111	4	53	4	0	201	587	6	0	3
111	4	54	4	0	201	686	4	0	8
111	4	55	8	0	212	1021	4	0	3
111	4	56	8	1	202	815	8	0	5
111	4	57	2	1	202	729	8	1	1
111	4	58	2	1	202	727	2	1	2
111	4	59	2	0	201	852	2	1	6
111	4	60	6	0	201	573	2	0	4
111	4	61	4	1	202	744	6	0	7
111	4	62	2	0	201	534	4	1	8
111	4	63	2	0	201	2987	2	0	3
111	4	64	4	1	202	1079	2	0	7
111	4	65	8	1	202	1071	4	1	1
