#subject	block	trial	condition	change	responses	time	prev_condition	prev_change	color
106	1	1	4	0	201	1248	0	0	7
106	1	2	6	0	201	858	4	0	8
106	1	3	2	1	202	625	6	0	7
106	1	4	8	0	201	2164	2	1	8
106	1	5	2	0	201	872	8	0	2
106	1	6	4	0	201	993	2	0	6
106	1	7	4	0	201	580	4	0	5
106	1	8	4	1	202	816	4	0	2
106	1	9	6	0	201	1202	4	1	2
106	1	10	4	1	202	773	6	0	4
106	1	11	2	0	201	864	4	1	3
106	1	12	8	1	202	1553	2	0	4
106	1	13	4	0	201	1007	8	1	6
106	1	14	8	0	212	3217	4	0	4
106	1	15	6	1	202	1435	8	0	6
106	1	16	2	0	201	789	6	1	2
106	1	17	4	1	202	778	2	0	2
106	1	18	8	1	202	1245	4	1	8
106	1	19	2	1	202	631	8	1	4
106	1	20	4	1	202	672	2	1	2
106	1	21	4	0	201	648	4	1	3
106	1	22	2	1	202	1233	4	0	7
106	1	23	2	1	202	1628	2	1	3
106	1	24	2	0	201	613	2	1	7
106	1	25	6	0	201	1336	2	0	3
106	1	26	8	1	202	1205	6	0	8
106	1	27	6	0	201	1080	8	1	4
106	1	28	6	0	201	1017	6	0	2
106	1	29	8	0	201	762	6	0	6
106	1	30	6	0	212	958	8	0	7
106	1	31	4	0	201	2043	6	0	3
106	1	32	2	0	201	604	4	0	6
106	1	33	8	0	212	871	2	0	7
106	1	34	4	1	211	1304	8	0	1
106	1	35	4	1	202	838	4	1	7
106	1	36	6	1	202	904	4	1	3
106	1	37	8	1	202	1517	6	1	6
106	1	38	8	1	202	1316	8	1	7
106	1	39	8	0	212	642	8	1	4
106	1	40	4	0	201	643	8	0	2
106	1	41	6	1	202	772	4	0	8
106	1	42	8	0	212	1320	6	1	7
106	1	43	8	0	201	550	8	0	4
106	1	44	2	1	202	706	8	0	3
106	1	45	8	1	202	1273	2	1	6
106	1	46	4	1	202	728	8	1	5
106	1	47	2	1	202	758	4	1	7
106	1	48	6	0	201	675	2	1	3
106	1	49	2	0	201	611	6	0	4
106	1	50	2	1	202	629	2	0	7
106	1	51	4	0	201	759	2	1	4
106	1	52	8	1	211	2028	4	0	5
106	1	53	6	1	202	758	8	1	8
106	1	54	4	1	202	851	6	1	6
106	1	55	8	0	212	1676	4	1	4
106	1	56	8	1	202	636	8	0	4
106	1	57	2	0	201	541	8	1	5
106	1	58	2	0	212	570	2	0	2
106	1	59	6	1	202	1206	2	0	2
106	1	60	6	1	211	1552	6	1	6
106	1	61	6	0	201	1141	6	1	8
106	1	62	6	1	202	834	6	0	8
106	1	63	2	1	202	932	6	1	7
106	1	64	6	1	202	801	2	1	2
106	1	65	4	0	201	539	6	1	3
106	2	1	8	1	202	881	0	0	2
106	2	2	2	0	201	554	8	1	5
106	2	3	2	1	202	566	2	0	1
106	2	4	8	1	202	1378	2	1	8
106	2	5	4	0	201	790	8	1	8
106	2	6	8	1	202	1450	4	0	7
106	2	7	8	0	201	722	8	1	8
106	2	8	6	1	211	1271	8	0	7
106	2	9	4	0	201	1055	6	1	3
106	2	10	6	0	212	928	4	0	7
106	2	11	4	0	201	741	6	0	6
106	2	12	2	1	202	730	4	0	8
106	2	13	6	1	211	1793	2	1	6
106	2	14	2	0	201	708	6	1	2
106	2	15	6	0	212	1090	2	0	4
106	2	16	2	0	201	745	6	0	1
106	2	17	8	1	202	1214	2	0	4
106	2	18	8	1	202	1337	8	1	5
106	2	19	6	1	202	2630	8	1	8
106	2	20	4	1	202	856	6	1	5
106	2	21	2	0	201	504	4	1	5
106	2	22	4	1	202	655	2	0	2
106	2	23	8	0	201	1062	4	1	7
106	2	24	4	0	201	759	8	0	4
106	2	25	4	1	202	620	4	0	7
106	2	26	4	1	211	598	4	1	7
106	2	27	2	1	202	545	4	1	3
106	2	28	4	1	202	997	2	1	6
106	2	29	6	1	202	736	4	1	6
106	2	30	8	0	201	638	6	1	6
106	2	31	2	0	201	646	8	0	6
106	2	32	6	1	202	1583	2	0	4
106	2	33	6	1	202	1762	6	1	5
106	2	34	6	0	201	774	6	1	5
106	2	35	6	1	202	795	6	0	5
106	2	36	8	1	202	1006	6	1	4
106	2	37	4	1	202	736	8	1	3
106	2	38	6	0	201	589	4	1	1
106	2	39	8	1	202	1152	6	0	4
106	2	40	6	0	201	532	8	1	1
106	2	41	2	1	202	745	6	0	3
106	2	42	6	0	201	879	2	1	3
106	2	43	6	0	201	718	6	0	3
106	2	44	4	1	202	604	6	0	4
106	2	45	4	0	201	894	4	1	3
106	2	46	8	0	212	813	4	0	5
106	2	47	6	0	201	943	8	0	5
106	2	48	8	0	212	676	6	0	5
106	2	49	2	1	202	612	8	0	3
106	2	50	8	0	201	606	2	1	6
106	2	51	8	0	201	704	8	0	4
106	2	52	4	1	202	623	8	0	8
106	2	53	8	1	202	736	4	1	4
106	2	54	2	1	202	733	8	1	6
106	2	55	2	1	202	722	2	1	3
106	2	56	2	0	201	472	2	1	1
106	2	57	2	0	201	551	2	0	4
106	2	58	4	0	212	700	2	0	2
106	2	59	6	1	202	682	4	0	4
106	2	60	2	1	202	569	6	1	1
106	2	61	4	0	201	733	2	1	6
106	2	62	4	0	201	530	4	0	6
106	2	63	2	0	201	800	4	0	8
106	2	64	8	0	212	842	2	0	7
106	2	65	8	1	202	1034	8	0	3
106	3	1	4	1	202	607	0	0	4
106	3	2	8	1	202	601	4	1	8
106	3	3	4	1	202	859	8	1	8
106	3	4	4	1	202	667	4	1	8
106	3	5	2	0	201	523	4	1	2
106	3	6	8	1	202	1248	2	0	8
106	3	7	2	0	201	601	8	1	3
106	3	8	8	0	212	875	2	0	1
106	3	9	4	0	201	627	8	0	1
106	3	10	8	1	202	1357	4	0	4
106	3	11	8	0	201	785	8	1	4
106	3	12	6	1	202	1028	8	0	2
106	3	13	2	0	201	598	6	1	4
106	3	14	6	0	201	616	2	0	8
106	3	15	2	0	201	490	6	0	1
106	3	16	2	0	201	577	2	0	8
106	3	17	2	1	202	773	2	0	8
106	3	18	6	0	201	848	2	1	2
106	3	19	2	1	202	610	6	0	5
106	3	20	2	0	201	548	2	1	2
106	3	21	4	1	202	561	2	0	3
106	3	22	4	0	201	717	4	1	6
106	3	23	4	0	201	842	4	0	1
106	3	24	8	0	212	780	4	0	5
106	3	25	8	0	201	623	8	0	7
106	3	26	4	1	202	641	8	0	1
106	3	27	6	1	202	1098	4	1	2
106	3	28	8	0	212	1169	6	1	4
106	3	29	2	1	202	589	8	0	8
106	3	30	8	0	201	504	2	1	7
106	3	31	8	1	202	798	8	0	3
106	3	32	8	1	202	3281	8	1	1
106	3	33	4	0	201	528	8	1	1
106	3	34	2	0	201	766	4	0	8
106	3	35	4	0	201	634	2	0	7
106	3	36	6	1	202	571	4	0	4
106	3	37	4	1	202	774	6	1	2
106	3	38	8	0	201	986	4	1	2
106	3	39	2	0	201	557	8	0	4
106	3	40	6	1	202	713	2	0	5
106	3	41	8	1	202	648	6	1	7
106	3	42	6	1	202	688	8	1	1
106	3	43	4	0	201	656	6	1	8
106	3	44	6	0	212	696	4	0	4
106	3	45	6	1	202	719	6	0	1
106	3	46	6	0	212	749	6	1	5
106	3	47	6	0	201	601	6	0	5
106	3	48	4	1	202	563	6	0	6
106	3	49	6	0	201	1583	4	1	4
106	3	50	4	0	201	1131	6	0	3
106	3	51	2	1	202	824	4	0	4
106	3	52	6	1	202	730	2	1	5
106	3	53	6	1	202	1224	6	1	7
106	3	54	2	1	202	1114	6	1	6
106	3	55	4	0	201	808	2	1	6
106	3	56	4	1	202	467	4	0	5
106	3	57	2	1	202	562	4	1	3
106	3	58	2	1	202	798	2	1	7
106	3	59	8	1	202	1081	2	1	3
106	3	60	6	0	201	529	8	1	7
106	3	61	8	0	201	830	6	0	7
106	3	62	6	0	212	680	8	0	8
106	3	63	8	1	202	816	6	0	3
106	3	64	2	1	202	697	8	1	8
106	3	65	4	1	202	688	2	1	3
106	4	1	6	1	202	556	0	0	4
106	4	2	2	0	201	592	6	1	5
106	4	3	2	0	201	595	2	0	7
106	4	4	4	0	201	446	2	0	6
106	4	5	8	1	202	1087	4	0	3
106	4	6	2	0	201	518	8	1	6
106	4	7	6	0	212	619	2	0	3
106	4	8	2	0	201	685	6	0	1
106	4	9	6	1	202	716	2	0	5
106	4	10	6	0	201	473	6	1	8
106	4	11	6	0	201	585	6	0	7
106	4	12	8	0	212	3467	6	0	3
106	4	13	2	0	201	565	8	0	1
106	4	14	8	0	201	1074	2	0	1
106	4	15	4	1	202	680	8	0	4
106	4	16	8	1	202	801	4	1	8
106	4	17	6	0	201	891	8	1	2
106	4	18	4	1	202	714	6	0	7
106	4	19	2	0	201	545	4	1	3
106	4	20	2	1	202	541	2	0	8
106	4	21	4	1	202	538	2	1	1
106	4	22	2	1	202	679	4	1	6
106	4	23	2	1	202	735	2	1	7
106	4	24	8	0	212	732	2	1	7
106	4	25	8	0	201	609	8	0	4
106	4	26	4	0	201	476	8	0	4
106	4	27	4	0	201	475	4	0	2
106	4	28	8	0	212	547	4	0	6
106	4	29	2	1	202	496	8	0	7
106	4	30	6	1	202	687	2	1	2
106	4	31	8	1	202	893	6	1	2
106	4	32	8	1	211	805	8	1	8
106	4	33	4	1	202	615	8	1	3
106	4	34	4	0	201	849	4	1	2
106	4	35	4	1	202	786	4	0	2
106	4	36	8	0	201	749	4	1	6
106	4	37	8	1	202	737	8	0	3
106	4	38	4	0	201	670	8	1	5
106	4	39	6	0	201	638	4	0	4
106	4	40	2	1	202	718	6	0	7
106	4	41	8	1	202	796	2	1	8
106	4	42	2	1	202	647	8	1	2
106	4	43	2	0	201	3352	2	1	4
106	4	44	4	1	202	669	2	0	7
106	4	45	6	0	212	669	4	1	8
106	4	46	6	1	202	1020	6	0	7
106	4	47	6	1	202	806	6	1	1
106	4	48	4	0	201	656	6	1	4
106	4	49	6	1	211	761	4	0	7
106	4	50	2	1	202	1077	6	1	7
106	4	51	6	0	201	1133	2	1	7
106	4	52	4	0	201	730	6	0	8
106	4	53	2	1	202	824	4	0	8
106	4	54	4	0	201	593	2	1	5
106	4	55	2	0	201	516	4	0	1
106	4	56	8	1	202	754	2	0	5
106	4	57	6	1	202	1054	8	1	6
106	4	58	4	1	202	607	6	1	8
106	4	59	4	1	202	761	4	1	5
106	4	60	6	1	202	789	4	1	2
106	4	61	8	0	212	848	6	1	4
106	4	62	6	0	201	881	8	0	3
106	4	63	8	1	202	689	6	0	8
106	4	64	8	0	212	880	8	1	4
106	4	65	6	1	202	1207	8	0	6
