#subject	block	trial	condition	change	responses	time	prev_condition	prev_change	color
116	1	1	4	1	202	460	0	0	7
116	1	2	6	1	202	444	4	1	8
116	1	3	4	0	201	269	6	1	3
116	1	4	8	1	202	548	4	0	7
116	1	5	6	1	202	401	8	1	4
116	1	6	2	1	202	403	6	1	8
116	1	7	8	1	202	454	2	1	1
116	1	8	8	1	202	502	8	1	8
116	1	9	4	0	201	292	8	1	2
116	1	10	6	1	202	539	4	0	4
116	1	11	8	0	212	512	6	1	3
116	1	12	2	0	201	407	8	0	2
116	1	13	2	1	202	353	2	0	8
116	1	14	6	0	212	597	2	1	6
116	1	15	2	1	202	352	6	0	4
116	1	16	2	0	201	493	2	1	2
116	1	17	8	0	212	468	2	0	5
116	1	18	2	1	202	419	8	0	6
116	1	19	6	1	202	597	2	1	1
116	1	20	6	0	201	560	6	1	3
116	1	21	8	1	202	429	6	0	1
116	1	22	2	0	201	294	8	1	3
116	1	23	6	1	202	453	2	0	5
116	1	24	4	1	211	582	6	1	5
116	1	25	4	1	202	721	4	1	6
116	1	26	8	1	202	902	4	1	7
116	1	27	8	0	212	941	8	1	4
116	1	28	6	1	202	786	8	0	8
116	1	29	6	1	202	501	6	1	5
116	1	30	8	1	211	428	6	1	6
116	1	31	4	1	202	477	8	1	6
116	1	32	8	0	212	717	4	1	1
116	1	33	4	1	202	867	8	0	3
116	1	34	6	0	201	611	4	1	5
116	1	35	2	0	201	485	6	0	4
116	1	36	4	0	201	852	2	0	8
116	1	37	4	0	201	1117	4	0	5
116	1	38	8	0	212	507	4	0	7
116	1	39	4	0	201	1041	8	0	2
116	1	40	4	1	202	490	4	0	1
116	1	41	2	0	201	537	4	1	8
116	1	42	6	0	201	646	2	0	3
116	1	43	4	0	201	607	6	0	1
116	1	44	2	1	202	546	4	0	8
116	1	45	4	0	201	607	2	1	3
116	1	46	6	0	201	561	4	0	6
116	1	47	8	0	212	758	6	0	1
116	1	48	8	0	201	706	8	0	8
116	1	49	8	1	202	657	8	0	6
116	1	50	6	0	201	681	8	1	8
116	1	51	6	0	201	545	6	0	5
116	1	52	4	1	202	510	6	0	2
116	1	53	2	1	202	452	4	1	2
116	1	54	8	0	212	989	2	1	4
116	1	55	6	0	212	776	8	0	5
116	1	56	6	1	202	860	6	0	4
116	1	57	2	0	201	476	6	1	5
116	1	58	8	1	202	652	2	0	6
116	1	59	2	1	202	700	8	1	6
116	1	60	2	1	202	507	2	1	1
116	1	61	4	1	202	937	2	1	8
116	1	62	4	0	201	646	4	1	8
116	1	63	2	0	201	583	4	0	6
116	1	64	2	0	201	570	2	0	2
116	1	65	4	1	202	406	2	0	8
116	2	1	6	0	212	540	0	0	5
116	2	2	8	0	212	697	6	0	6
116	2	3	4	0	201	344	8	0	2
116	2	4	8	0	201	645	4	0	8
116	2	5	2	0	201	318	8	0	6
116	2	6	2	0	201	403	2	0	7
116	2	7	8	1	202	430	2	0	7
116	2	8	4	0	201	351	8	1	4
116	2	9	4	1	202	524	4	0	3
116	2	10	4	1	202	450	4	1	4
116	2	11	6	1	202	634	4	1	7
116	2	12	8	1	202	459	6	1	8
116	2	13	6	1	202	595	8	1	8
116	2	14	6	1	202	502	6	1	5
116	2	15	4	1	202	501	6	1	5
116	2	16	2	0	201	427	4	1	8
116	2	17	2	1	202	405	2	0	3
116	2	18	4	0	201	415	2	1	2
116	2	19	4	0	201	361	4	0	3
116	2	20	8	1	202	429	4	0	5
116	2	21	2	1	202	423	8	1	6
116	2	22	4	1	202	512	2	1	4
116	2	23	4	0	201	359	4	1	2
116	2	24	6	1	202	587	4	0	1
116	2	25	4	0	201	390	6	1	6
116	2	26	2	1	202	441	4	0	2
116	2	27	8	1	202	890	2	1	7
116	2	28	8	0	201	401	8	1	5
116	2	29	6	1	202	492	8	0	2
116	2	30	6	0	212	435	6	1	5
116	2	31	4	0	212	2060	6	0	4
116	2	32	2	0	201	397	4	0	6
116	2	33	8	0	212	584	2	0	6
116	2	34	4	1	202	883	8	0	3
116	2	35	6	0	201	506	4	1	5
116	2	36	6	1	202	512	6	0	2
116	2	37	2	1	202	615	6	1	6
116	2	38	6	1	202	745	2	1	4
116	2	39	2	0	201	470	6	1	7
116	2	40	4	0	201	637	2	0	6
116	2	41	6	0	201	598	4	0	6
116	2	42	8	1	202	673	6	0	2
116	2	43	4	1	202	513	8	1	5
116	2	44	8	1	202	639	4	1	3
116	2	45	6	0	201	264	8	1	3
116	2	46	6	0	201	560	6	0	5
116	2	47	2	0	201	365	6	0	7
116	2	48	4	1	202	473	2	0	5
116	2	49	8	0	212	593	4	1	4
116	2	50	6	0	212	604	8	0	2
116	2	51	2	1	202	518	6	0	1
116	2	52	6	0	212	740	2	1	7
116	2	53	4	1	202	481	6	0	4
116	2	54	2	1	202	441	4	1	8
116	2	55	2	1	202	410	2	1	4
116	2	56	2	0	201	436	2	1	4
116	2	57	6	1	202	437	2	0	2
116	2	58	8	0	212	422	6	1	6
116	2	59	8	0	212	480	8	0	2
116	2	60	2	1	202	416	8	0	4
116	2	61	8	0	212	665	2	1	8
116	2	62	8	1	202	825	8	0	1
116	2	63	8	1	202	1075	8	1	6
116	2	64	2	0	201	291	8	1	2
116	2	65	6	0	212	530	2	0	5
116	3	1	4	1	202	711	0	0	6
116	3	2	4	0	201	389	4	1	6
116	3	3	8	1	202	528	4	0	5
116	3	4	6	1	202	998	8	1	5
116	3	5	6	1	211	761	6	1	6
116	3	6	8	0	212	541	6	1	7
116	3	7	8	1	202	442	8	0	6
116	3	8	2	1	202	483	8	1	2
116	3	9	8	1	202	570	2	1	3
116	3	10	8	1	202	710	8	1	1
116	3	11	4	0	201	589	8	1	1
116	3	12	2	0	201	560	4	0	5
116	3	13	6	1	202	444	2	0	3
116	3	14	2	0	201	565	6	1	3
116	3	15	8	1	202	609	2	0	1
116	3	16	6	0	201	371	8	1	4
116	3	17	2	1	202	351	6	0	3
116	3	18	6	1	202	603	2	1	2
116	3	19	8	1	202	669	6	1	6
116	3	20	4	1	202	845	8	1	3
116	3	21	6	0	201	614	4	1	7
116	3	22	2	0	201	233	6	0	4
116	3	23	4	1	202	922	2	0	5
116	3	24	6	1	202	752	4	1	1
116	3	25	2	1	202	428	6	1	5
116	3	26	6	0	201	318	2	1	7
116	3	27	4	1	202	579	6	0	6
116	3	28	2	1	202	407	4	1	8
116	3	29	8	0	212	553	2	1	2
116	3	30	2	1	202	430	8	0	2
116	3	31	2	0	201	992	2	1	5
116	3	32	6	0	201	923	2	0	1
116	3	33	6	0	212	665	6	0	7
116	3	34	8	0	212	729	6	0	3
116	3	35	2	0	201	551	8	0	3
116	3	36	2	1	202	451	2	0	2
116	3	37	2	1	202	516	2	1	2
116	3	38	4	1	202	505	2	1	2
116	3	39	4	1	202	472	4	1	4
116	3	40	2	0	201	575	4	1	7
116	3	41	2	0	201	323	2	0	7
116	3	42	8	0	212	665	2	0	2
116	3	43	8	0	212	729	8	0	7
116	3	44	6	1	202	727	8	0	6
116	3	45	6	0	201	365	6	1	2
116	3	46	4	0	201	705	6	0	7
116	3	47	6	0	201	543	4	0	2
116	3	48	8	1	202	541	6	0	4
116	3	49	2	0	201	426	8	1	1
116	3	50	4	0	212	571	2	0	5
116	3	51	6	1	202	495	4	0	8
116	3	52	4	0	201	886	6	1	1
116	3	53	4	1	202	525	4	0	7
116	3	54	8	1	202	499	4	1	7
116	3	55	8	0	212	673	8	1	6
116	3	56	4	0	201	441	8	0	2
116	3	57	4	0	201	706	4	0	5
116	3	58	2	1	202	489	4	0	2
116	3	59	4	0	201	464	2	1	5
116	3	60	8	0	212	528	4	0	3
116	3	61	6	0	201	726	8	0	3
116	3	62	6	1	202	891	6	0	5
116	3	63	4	1	202	419	6	1	1
116	3	64	8	0	201	692	4	1	1
116	3	65	4	1	202	411	8	0	4
116	4	1	4	1	211	1901	0	0	5
116	4	2	6	0	201	492	4	1	7
116	4	3	4	1	202	411	6	0	4
116	4	4	4	0	201	461	4	1	6
116	4	5	8	1	202	557	4	0	1
116	4	6	8	1	202	466	8	1	8
116	4	7	2	1	202	385	8	1	8
116	4	8	8	1	202	548	2	1	6
116	4	9	4	0	212	537	8	1	7
116	4	10	2	0	201	470	4	0	6
116	4	11	4	0	201	478	2	0	4
116	4	12	6	0	212	565	4	0	7
116	4	13	8	1	202	785	6	0	7
116	4	14	4	1	202	436	8	1	5
116	4	15	6	1	211	629	4	1	5
116	4	16	2	1	202	391	6	1	7
116	4	17	4	1	202	674	2	1	1
116	4	18	2	1	202	602	4	1	3
116	4	19	4	0	201	428	2	1	3
116	4	20	8	0	212	502	4	0	5
116	4	21	2	0	201	324	8	0	3
116	4	22	6	0	201	570	2	0	3
116	4	23	6	0	201	461	6	0	1
116	4	24	2	1	202	430	6	0	3
116	4	25	6	0	201	407	2	1	2
116	4	26	6	1	202	530	6	0	7
116	4	27	8	1	202	528	6	1	6
116	4	28	8	0	212	581	8	1	1
116	4	29	2	1	202	465	8	0	3
116	4	30	2	1	202	465	2	1	1
116	4	31	2	0	212	345	2	1	7
116	4	32	2	0	201	462	2	0	7
116	4	33	4	1	202	518	2	0	8
116	4	34	2	0	201	492	4	1	3
116	4	35	2	1	202	419	2	0	2
116	4	36	8	0	212	549	2	1	5
116	4	37	6	1	202	513	8	0	1
116	4	38	4	0	212	472	6	1	4
116	4	39	4	0	201	599	4	0	4
116	4	40	4	1	202	1034	4	0	1
116	4	41	4	1	202	563	4	1	8
116	4	42	8	0	212	607	4	1	6
116	4	43	4	1	202	682	8	0	4
116	4	44	8	1	202	809	4	1	3
116	4	45	6	0	201	1723	8	1	5
116	4	46	8	0	201	417	6	0	7
116	4	47	8	0	212	619	8	0	3
116	4	48	4	0	201	381	8	0	5
116	4	49	6	1	202	401	4	0	1
116	4	50	6	0	212	587	6	1	3
116	4	51	2	0	201	350	6	0	4
116	4	52	6	1	202	754	2	0	2
116	4	53	8	0	201	383	6	1	6
116	4	54	6	0	201	474	8	0	4
116	4	55	4	0	212	521	6	0	5
116	4	56	2	1	202	487	4	0	7
116	4	57	6	1	202	614	2	1	3
116	4	58	2	0	201	945	6	1	5
116	4	59	8	1	202	550	2	0	6
116	4	60	2	0	201	538	8	1	6
116	4	61	8	0	201	415	2	0	3
116	4	62	8	1	202	705	8	0	6
116	4	63	6	1	202	871	8	1	8
116	4	64	6	1	202	623	6	1	8
116	4	65	4	1	202	497	6	1	4
